TL, TR, BL, BR, time 
8383.00; 5445.00; 4970.00; 6527.00; 1467299886.59
8383.00; 5445.00; 4970.00; 6527.00; 1467299886.59
8386.00; 5448.00; 4972.00; 6526.00; 1467299886.59
8379.00; 5450.00; 4977.00; 6532.00; 1467299886.59
8379.00; 5450.00; 4977.00; 6532.00; 1467299886.59
8395.00; 5452.00; 4976.00; 6522.00; 1467299886.59
8386.00; 5450.00; 4977.00; 6523.00; 1467299886.59
8386.00; 5450.00; 4977.00; 6523.00; 1467299886.59
8389.00; 5453.00; 4972.00; 6526.00; 1467299886.59
8389.00; 5453.00; 4972.00; 6526.00; 1467299886.59
8388.00; 5452.00; 4976.00; 6527.00; 1467299886.59
8387.00; 5447.00; 4978.00; 6527.00; 1467299886.59
8387.00; 5447.00; 4978.00; 6527.00; 1467299886.59
8390.00; 5453.00; 4977.00; 6526.00; 1467299886.59
8393.00; 5450.00; 4977.00; 6524.00; 1467299886.59
8393.00; 5450.00; 4977.00; 6524.00; 1467299886.59
8391.00; 5453.00; 4981.00; 6531.00; 1467299886.59
8391.00; 5453.00; 4981.00; 6531.00; 1467299886.59
8388.00; 5450.00; 4970.00; 6523.00; 1467299886.59
8386.00; 5446.00; 4972.00; 6526.00; 1467299886.59
8386.00; 5446.00; 4972.00; 6526.00; 1467299886.59
8388.00; 5450.00; 4977.00; 6522.00; 1467299886.59
8388.00; 5450.00; 4973.00; 6522.00; 1467299886.59
8388.00; 5450.00; 4973.00; 6522.00; 1467299886.59
8382.00; 5452.00; 4980.00; 6525.00; 1467299886.59
8382.00; 5452.00; 4980.00; 6525.00; 1467299886.59
8389.00; 5452.00; 4973.00; 6527.00; 1467299886.59
8390.00; 5453.00; 4973.00; 6530.00; 1467299886.59
8390.00; 5453.00; 4973.00; 6530.00; 1467299886.59
8388.00; 5444.00; 4969.00; 6522.00; 1467299886.59
8390.00; 5450.00; 4980.00; 6529.00; 1467299886.59
8390.00; 5450.00; 4980.00; 6529.00; 1467299886.59
8385.00; 5452.00; 4972.00; 6525.00; 1467299886.59
8385.00; 5452.00; 4972.00; 6525.00; 1467299886.59
8396.00; 5456.00; 4978.00; 6529.00; 1467299886.59
8386.00; 5453.00; 4972.00; 6523.00; 1467299886.59
8386.00; 5453.00; 4972.00; 6523.00; 1467299886.59
8393.00; 5452.00; 4977.00; 6521.00; 1467299886.59
8388.00; 5446.00; 4978.00; 6528.00; 1467299886.59
8388.00; 5446.00; 4978.00; 6528.00; 1467299886.59
8391.00; 5455.00; 4973.00; 6520.00; 1467299886.59
8392.00; 5449.00; 4983.00; 6518.00; 1467299886.59
8392.00; 5449.00; 4983.00; 6518.00; 1467299886.59
8385.00; 5448.00; 4974.00; 6527.00; 1467299886.59
8385.00; 5448.00; 4974.00; 6527.00; 1467299886.59
8385.00; 5456.00; 4968.00; 6521.00; 1467299886.59
8385.00; 5448.00; 4973.00; 6530.00; 1467299886.59
8385.00; 5448.00; 4973.00; 6530.00; 1467299886.59
8387.00; 5449.00; 4977.00; 6520.00; 1467299886.59
8384.00; 5450.00; 4973.00; 6523.00; 1467299886.59
8384.00; 5450.00; 4973.00; 6523.00; 1467299886.59
8391.00; 5450.00; 4974.00; 6525.00; 1467299886.59
8391.00; 5450.00; 4974.00; 6525.00; 1467299886.59
8392.00; 5458.00; 4974.00; 6522.00; 1467299886.59
8385.00; 5451.00; 4975.00; 6522.00; 1467299886.59
8385.00; 5451.00; 4975.00; 6522.00; 1467299886.59
8389.00; 5448.00; 4972.00; 6523.00; 1467299886.59
8388.00; 5450.00; 4979.00; 6523.00; 1467299886.59
8388.00; 5450.00; 4979.00; 6523.00; 1467299886.59
8392.00; 5453.00; 4973.00; 6524.00; 1467299886.59
8392.00; 5453.00; 4973.00; 6524.00; 1467299886.59
8388.00; 5449.00; 4975.00; 6528.00; 1467299886.59
8384.00; 5452.00; 4980.00; 6524.00; 1467299886.59
8384.00; 5452.00; 4980.00; 6524.00; 1467299886.59
8385.00; 5451.00; 4976.00; 6520.00; 1467299886.59
8389.00; 5448.00; 4976.00; 6531.00; 1467299886.59
8389.00; 5448.00; 4976.00; 6531.00; 1467299886.59
8389.00; 5454.00; 4979.00; 6525.00; 1467299886.60
8389.00; 5454.00; 4979.00; 6525.00; 1467299886.62
8385.00; 5447.00; 4975.00; 6525.00; 1467299886.62
8394.00; 5445.00; 4979.00; 6520.00; 1467299886.64
8394.00; 5445.00; 4979.00; 6520.00; 1467299886.64
8385.00; 5447.00; 4971.00; 6525.00; 1467299886.66
8385.00; 5450.00; 4972.00; 6526.00; 1467299886.66
8385.00; 5450.00; 4972.00; 6526.00; 1467299886.68
8387.00; 5450.00; 4978.00; 6523.00; 1467299886.68
8387.00; 5450.00; 4978.00; 6523.00; 1467299886.70
8385.00; 5453.00; 4973.00; 6524.00; 1467299886.70
8386.00; 5445.00; 4975.00; 6529.00; 1467299886.72
8386.00; 5445.00; 4975.00; 6529.00; 1467299886.73
8382.00; 5445.00; 4967.00; 6525.00; 1467299886.74
8386.00; 5453.00; 4970.00; 6527.00; 1467299886.75
8386.00; 5453.00; 4970.00; 6527.00; 1467299886.76
8393.00; 5456.00; 4973.00; 6524.00; 1467299886.77
8393.00; 5456.00; 4973.00; 6524.00; 1467299886.78
8387.00; 5451.00; 4974.00; 6519.00; 1467299886.79
8392.00; 5449.00; 4976.00; 6523.00; 1467299886.80
8392.00; 5449.00; 4976.00; 6523.00; 1467299886.81
8381.00; 5451.00; 4977.00; 6523.00; 1467299886.82
8390.00; 5454.00; 4971.00; 6526.00; 1467299886.83
8390.00; 5454.00; 4971.00; 6526.00; 1467299886.84
8391.00; 5449.00; 4971.00; 6527.00; 1467299886.85
8383.00; 5448.00; 4973.00; 6526.00; 1467299886.87
8383.00; 5448.00; 4973.00; 6526.00; 1467299886.87
8395.00; 5448.00; 4977.00; 6526.00; 1467299886.89
8395.00; 5448.00; 4977.00; 6526.00; 1467299886.89
8381.00; 5451.00; 4969.00; 6524.00; 1467299886.91
8389.00; 5447.00; 4979.00; 6523.00; 1467299886.91
8389.00; 5447.00; 4979.00; 6523.00; 1467299886.93
8382.00; 5450.00; 4972.00; 6522.00; 1467299886.93
8386.00; 5445.00; 4969.00; 6523.00; 1467299886.95
8386.00; 5445.00; 4969.00; 6523.00; 1467299886.95
8387.00; 5450.00; 4971.00; 6523.00; 1467299886.97
8383.00; 5443.00; 4977.00; 6526.00; 1467299886.97
8383.00; 5443.00; 4977.00; 6526.00; 1467299886.99
8387.00; 5453.00; 4972.00; 6524.00; 1467299886.99
8387.00; 5453.00; 4972.00; 6524.00; 1467299887.01
8389.00; 5449.00; 4970.00; 6524.00; 1467299887.01
8386.00; 5455.00; 4974.00; 6524.00; 1467299887.03
8386.00; 5455.00; 4974.00; 6524.00; 1467299887.03
8387.00; 5452.00; 4978.00; 6530.00; 1467299887.05
8391.00; 5452.00; 4971.00; 6530.00; 1467299887.05
8391.00; 5452.00; 4971.00; 6522.00; 1467299887.07
8391.00; 5451.00; 4970.00; 6515.00; 1467299887.07
8391.00; 5451.00; 4970.00; 6515.00; 1467299887.09
8384.00; 5446.00; 4978.00; 6524.00; 1467299887.09
8389.00; 5451.00; 4978.00; 6526.00; 1467299887.11
8389.00; 5451.00; 4978.00; 6526.00; 1467299887.11
8386.00; 5452.00; 4978.00; 6528.00; 1467299887.13
8393.00; 5453.00; 4974.00; 6526.00; 1467299887.13
8393.00; 5453.00; 4974.00; 6526.00; 1467299887.15
8396.00; 5449.00; 4978.00; 6533.00; 1467299887.15
8396.00; 5449.00; 4978.00; 6533.00; 1467299887.17
8383.00; 5450.00; 4975.00; 6519.00; 1467299887.17
8385.00; 5447.00; 4977.00; 6522.00; 1467299887.19
8385.00; 5447.00; 4977.00; 6522.00; 1467299887.19
8390.00; 5448.00; 4970.00; 6523.00; 1467299887.21
8390.00; 5448.00; 4973.00; 6523.00; 1467299887.21
8383.00; 5446.00; 4973.00; 6521.00; 1467299887.23
8387.00; 5451.00; 4973.00; 6524.00; 1467299887.23
8387.00; 5451.00; 4973.00; 6524.00; 1467299887.25
8388.00; 5451.00; 4974.00; 6523.00; 1467299887.25
8382.00; 5455.00; 4980.00; 6530.00; 1467299887.27
8382.00; 5455.00; 4980.00; 6530.00; 1467299887.27
8386.00; 5448.00; 4977.00; 6522.00; 1467299887.29
8386.00; 5448.00; 4977.00; 6522.00; 1467299887.29
8389.00; 5447.00; 4980.00; 6527.00; 1467299887.31
8391.00; 5453.00; 4975.00; 6524.00; 1467299887.31
8391.00; 5453.00; 4975.00; 6524.00; 1467299887.33
8387.00; 5449.00; 4970.00; 6526.00; 1467299887.33
8384.00; 5452.00; 4974.00; 6518.00; 1467299887.35
8384.00; 5452.00; 4974.00; 6518.00; 1467299887.35
8389.00; 5450.00; 4977.00; 6519.00; 1467299887.37
8389.00; 5450.00; 4977.00; 6519.00; 1467299887.37
8389.00; 5450.00; 4977.00; 6521.00; 1467299887.39
8389.00; 5453.00; 4974.00; 6525.00; 1467299887.39
8389.00; 5453.00; 4974.00; 6525.00; 1467299887.41
8390.00; 5447.00; 4976.00; 6521.00; 1467299887.41
8389.00; 5450.00; 4982.00; 6525.00; 1467299887.43
8389.00; 5450.00; 4982.00; 6525.00; 1467299887.43
8386.00; 5448.00; 4981.00; 6527.00; 1467299887.45
8386.00; 5448.00; 4981.00; 6527.00; 1467299887.45
8387.00; 5449.00; 4977.00; 6525.00; 1467299887.47
8391.00; 5451.00; 4972.00; 6524.00; 1467299887.47
8391.00; 5451.00; 4972.00; 6524.00; 1467299887.49
8390.00; 5446.00; 4978.00; 6522.00; 1467299887.49
8390.00; 5446.00; 4978.00; 6522.00; 1467299887.51
8386.00; 5454.00; 4986.00; 6535.00; 1467299887.51
8389.00; 5447.00; 4981.00; 6528.00; 1467299887.53
8389.00; 5447.00; 4981.00; 6528.00; 1467299887.53
8390.00; 5451.00; 4972.00; 6523.00; 1467299887.55
8390.00; 5448.00; 4975.00; 6529.00; 1467299887.55
8390.00; 5448.00; 4975.00; 6529.00; 1467299887.57
8392.00; 5457.00; 4975.00; 6528.00; 1467299887.57
8392.00; 5457.00; 4975.00; 6528.00; 1467299887.59
8387.00; 5451.00; 4974.00; 6525.00; 1467299887.59
8390.00; 5455.00; 4982.00; 6525.00; 1467299887.61
8390.00; 5455.00; 4982.00; 6525.00; 1467299887.61
8392.00; 5455.00; 4974.00; 6526.00; 1467299887.63
8392.00; 5455.00; 4980.00; 6526.00; 1467299887.63
8388.00; 5448.00; 4980.00; 6526.00; 1467299887.65
8392.00; 5452.00; 4976.00; 6523.00; 1467299887.65
8392.00; 5452.00; 4976.00; 6523.00; 1467299887.67
8389.00; 5453.00; 4978.00; 6523.00; 1467299887.67
8391.00; 5452.00; 4974.00; 6526.00; 1467299887.69
8391.00; 5452.00; 4974.00; 6526.00; 1467299887.69
8384.00; 5450.00; 4977.00; 6527.00; 1467299887.71
8384.00; 5450.00; 4977.00; 6527.00; 1467299887.71
8387.00; 5448.00; 4968.00; 6522.00; 1467299887.73
8387.00; 5448.00; 4972.00; 6528.00; 1467299887.73
8387.00; 5448.00; 4972.00; 6528.00; 1467299887.75
8391.00; 5455.00; 4972.00; 6524.00; 1467299887.75
8389.00; 5455.00; 4976.00; 6525.00; 1467299887.77
8389.00; 5455.00; 4976.00; 6525.00; 1467299887.77
8385.00; 5451.00; 4981.00; 6523.00; 1467299887.79
8385.00; 5451.00; 4981.00; 6523.00; 1467299887.79
8392.00; 5451.00; 4973.00; 6525.00; 1467299887.81
8387.00; 5451.00; 4972.00; 6524.00; 1467299887.81
8387.00; 5451.00; 4972.00; 6524.00; 1467299887.83
8400.00; 5448.00; 4968.00; 6528.00; 1467299887.83
8400.00; 5448.00; 4968.00; 6528.00; 1467299887.85
8394.00; 5455.00; 4978.00; 6526.00; 1467299887.85
8388.00; 5453.00; 4969.00; 6526.00; 1467299887.87
8388.00; 5453.00; 4969.00; 6526.00; 1467299887.87
8386.00; 5446.00; 4978.00; 6522.00; 1467299887.89
8386.00; 5451.00; 4975.00; 6523.00; 1467299887.89
8386.00; 5451.00; 4975.00; 6523.00; 1467299887.91
8390.00; 5449.00; 4970.00; 6521.00; 1467299887.91
8390.00; 5449.00; 4970.00; 6521.00; 1467299887.93
8395.00; 5453.00; 4968.00; 6523.00; 1467299887.93
8390.00; 5453.00; 4972.00; 6526.00; 1467299887.95
8390.00; 5453.00; 4972.00; 6526.00; 1467299887.95
8390.00; 5456.00; 4975.00; 6526.00; 1467299887.97
8389.00; 5454.00; 4977.00; 6521.00; 1467299887.97
8389.00; 5454.00; 4977.00; 6521.00; 1467299887.99
8392.00; 5457.00; 4975.00; 6527.00; 1467299887.99
8392.00; 5457.00; 4975.00; 6527.00; 1467299888.01
8391.00; 5453.00; 4971.00; 6523.00; 1467299888.01
8391.00; 5451.00; 4976.00; 6528.00; 1467299888.03
8391.00; 5451.00; 4976.00; 6528.00; 1467299888.03
8391.00; 5453.00; 4973.00; 6524.00; 1467299888.05
8391.00; 5449.00; 4974.00; 6530.00; 1467299888.05
8391.00; 5449.00; 4974.00; 6530.00; 1467299888.07
8385.00; 5451.00; 4975.00; 6528.00; 1467299888.07
8385.00; 5451.00; 4975.00; 6528.00; 1467299888.09
8388.00; 5451.00; 4977.00; 6524.00; 1467299888.09
8386.00; 5455.00; 4980.00; 6526.00; 1467299888.11
8386.00; 5455.00; 4980.00; 6526.00; 1467299888.11
8387.00; 5451.00; 4977.00; 6526.00; 1467299888.13
8387.00; 5451.00; 4977.00; 6526.00; 1467299888.13
8390.00; 5454.00; 4974.00; 6528.00; 1467299888.15
8396.00; 5454.00; 4972.00; 6528.00; 1467299888.15
8396.00; 5454.00; 4972.00; 6528.00; 1467299888.17
8389.00; 5450.00; 4973.00; 6523.00; 1467299888.17
8391.00; 5450.00; 4974.00; 6532.00; 1467299888.19
8391.00; 5450.00; 4974.00; 6532.00; 1467299888.19
8385.00; 5453.00; 4981.00; 6523.00; 1467299888.21
8385.00; 5453.00; 4981.00; 6523.00; 1467299888.21
8386.00; 5454.00; 4976.00; 6523.00; 1467299888.23
8392.00; 5451.00; 4976.00; 6524.00; 1467299888.24
8392.00; 5451.00; 4976.00; 6524.00; 1467299888.25
8390.00; 5455.00; 4973.00; 6528.00; 1467299888.26
8390.00; 5453.00; 4976.00; 6531.00; 1467299888.27
8390.00; 5453.00; 4976.00; 6531.00; 1467299888.28
8389.00; 5447.00; 4973.00; 6525.00; 1467299888.29
8389.00; 5447.00; 4973.00; 6525.00; 1467299888.30
8385.00; 5455.00; 4976.00; 6527.00; 1467299888.31
8398.00; 5455.00; 4974.00; 6528.00; 1467299888.32
8398.00; 5455.00; 4974.00; 6528.00; 1467299888.33
8391.00; 5456.00; 4975.00; 6526.00; 1467299888.34
8388.00; 5448.00; 4980.00; 6526.00; 1467299888.35
8388.00; 5448.00; 4980.00; 6526.00; 1467299888.36
8388.00; 5449.00; 4975.00; 6526.00; 1467299888.37
8388.00; 5449.00; 4975.00; 6526.00; 1467299888.38
8392.00; 5446.00; 4978.00; 6522.00; 1467299888.39
8393.00; 5451.00; 4972.00; 6525.00; 1467299888.40
8393.00; 5451.00; 4972.00; 6525.00; 1467299888.41
8389.00; 5450.00; 4974.00; 6527.00; 1467299888.42
8381.00; 5451.00; 4975.00; 6524.00; 1467299888.43
8381.00; 5451.00; 4975.00; 6524.00; 1467299888.44
8390.00; 5448.00; 4978.00; 6527.00; 1467299888.45
8390.00; 5448.00; 4978.00; 6527.00; 1467299888.46
8391.00; 5446.00; 4975.00; 6527.00; 1467299888.47
8384.00; 5451.00; 4975.00; 6529.00; 1467299888.48
8384.00; 5451.00; 4975.00; 6529.00; 1467299888.49
8392.00; 5453.00; 4974.00; 6526.00; 1467299888.50
8392.00; 5453.00; 4974.00; 6526.00; 1467299888.51
8385.00; 5450.00; 4969.00; 6523.00; 1467299888.52
8388.00; 5454.00; 4972.00; 6530.00; 1467299888.53
Button pressed; 1467299888.54
8388.00; 5454.00; 4972.00; 6530.00; 1467299888.54
8393.00; 5450.00; 4975.00; 6524.00; 1467299888.55
8389.00; 5449.00; 4977.00; 6526.00; 1467299888.56
8389.00; 5449.00; 4977.00; 6526.00; 1467299888.57
8386.00; 5446.00; 4977.00; 6528.00; 1467299888.58
8386.00; 5446.00; 4977.00; 6528.00; 1467299888.59
8393.00; 5455.00; 4969.00; 6529.00; 1467299888.61
8389.00; 5454.00; 4978.00; 6529.00; 1467299888.61
8389.00; 5454.00; 4978.00; 6529.00; 1467299888.62
8385.00; 5451.00; 4976.00; 6526.00; 1467299888.63
8382.00; 5449.00; 4977.00; 6529.00; 1467299888.64
8382.00; 5449.00; 4977.00; 6529.00; 1467299888.65
8385.00; 5451.00; 4979.00; 6526.00; 1467299888.66
8385.00; 5451.00; 4979.00; 6526.00; 1467299888.67
8390.00; 5456.00; 4975.00; 6526.00; 1467299888.68
8379.00; 5447.00; 4978.00; 6527.00; 1467299888.69
8379.00; 5447.00; 4978.00; 6527.00; 1467299888.70
8392.00; 5446.00; 4973.00; 6527.00; 1467299888.71
8386.00; 5451.00; 4976.00; 6524.00; 1467299888.72
8386.00; 5451.00; 4976.00; 6524.00; 1467299888.73
8392.00; 5452.00; 4973.00; 6526.00; 1467299888.74
8392.00; 5452.00; 4973.00; 6526.00; 1467299888.75
8388.00; 5457.00; 4981.00; 6525.00; 1467299888.76
8392.00; 5449.00; 4974.00; 6526.00; 1467299888.77
8392.00; 5449.00; 4974.00; 6526.00; 1467299888.78
8390.00; 5447.00; 4978.00; 6522.00; 1467299888.79
8390.00; 5447.00; 4978.00; 6522.00; 1467299888.80
8389.00; 5450.00; 4983.00; 6527.00; 1467299888.81
8388.00; 5449.00; 4971.00; 6526.00; 1467299888.82
8388.00; 5449.00; 4971.00; 6526.00; 1467299888.83
8388.00; 5446.00; 4975.00; 6525.00; 1467299888.84
8391.00; 5448.00; 4972.00; 6531.00; 1467299888.85
8391.00; 5448.00; 4972.00; 6531.00; 1467299888.86
8388.00; 5449.00; 4978.00; 6528.00; 1467299888.87
8388.00; 5449.00; 4978.00; 6528.00; 1467299888.88
8387.00; 5452.00; 4979.00; 6526.00; 1467299888.89
8396.00; 5445.00; 4978.00; 6523.00; 1467299888.90
8396.00; 5445.00; 4978.00; 6523.00; 1467299888.91
8390.00; 5452.00; 4976.00; 6525.00; 1467299888.92
8386.00; 5449.00; 4974.00; 6528.00; 1467299888.93
8386.00; 5449.00; 4974.00; 6528.00; 1467299888.94
8386.00; 5454.00; 4975.00; 6525.00; 1467299888.95
8386.00; 5454.00; 4975.00; 6525.00; 1467299888.96
8387.00; 5448.00; 4975.00; 6524.00; 1467299888.97
8385.00; 5455.00; 4975.00; 6526.00; 1467299888.98
8385.00; 5455.00; 4975.00; 6526.00; 1467299888.99
8390.00; 5445.00; 4974.00; 6525.00; 1467299889.00
8390.00; 5445.00; 4974.00; 6525.00; 1467299889.01
8391.00; 5450.00; 4974.00; 6526.00; 1467299889.02
8384.00; 5458.00; 4980.00; 6526.00; 1467299889.03
8384.00; 5458.00; 4980.00; 6526.00; 1467299889.04
8391.00; 5452.00; 4975.00; 6531.00; 1467299889.05
8391.00; 5451.00; 4970.00; 6522.00; 1467299889.06
8391.00; 5451.00; 4970.00; 6522.00; 1467299889.07
8391.00; 5452.00; 4976.00; 6530.00; 1467299889.08
8391.00; 5452.00; 4976.00; 6530.00; 1467299889.09
8387.00; 5452.00; 4973.00; 6527.00; 1467299889.10
8385.00; 5462.00; 4976.00; 6528.00; 1467299889.11
8385.00; 5462.00; 4976.00; 6528.00; 1467299889.12
8392.00; 5451.00; 4974.00; 6520.00; 1467299889.13
8392.00; 5451.00; 4974.00; 6520.00; 1467299889.14
8390.00; 5446.00; 4981.00; 6524.00; 1467299889.15
8389.00; 5447.00; 4976.00; 6526.00; 1467299889.16
8389.00; 5447.00; 4976.00; 6526.00; 1467299889.17
8386.00; 5452.00; 4975.00; 6525.00; 1467299889.18
8387.00; 5448.00; 4979.00; 6531.00; 1467299889.19
8387.00; 5448.00; 4979.00; 6531.00; 1467299889.20
8387.00; 5449.00; 4976.00; 6527.00; 1467299889.21
8387.00; 5449.00; 4976.00; 6527.00; 1467299889.22
8388.00; 5457.00; 4975.00; 6526.00; 1467299889.23
8394.00; 5449.00; 4976.00; 6526.00; 1467299889.24
8394.00; 5449.00; 4976.00; 6526.00; 1467299889.26
8387.00; 5453.00; 4976.00; 6522.00; 1467299889.26
8388.00; 5453.00; 4972.00; 6518.00; 1467299889.28
8388.00; 5453.00; 4972.00; 6518.00; 1467299889.28
8389.00; 5449.00; 4975.00; 6528.00; 1467299889.30
8389.00; 5449.00; 4975.00; 6528.00; 1467299889.30
8392.00; 5444.00; 4974.00; 6530.00; 1467299889.32
8395.00; 5448.00; 4973.00; 6520.00; 1467299889.32
8395.00; 5448.00; 4973.00; 6520.00; 1467299889.34
8392.00; 5450.00; 4980.00; 6526.00; 1467299889.34
8388.00; 5450.00; 4978.00; 6526.00; 1467299889.36
8388.00; 5450.00; 4978.00; 6526.00; 1467299889.36
8396.00; 5452.00; 4977.00; 6522.00; 1467299889.38
8396.00; 5452.00; 4977.00; 6522.00; 1467299889.38
8389.00; 5449.00; 4970.00; 6525.00; 1467299889.40
8388.00; 5448.00; 4975.00; 6522.00; 1467299889.40
8388.00; 5448.00; 4975.00; 6522.00; 1467299889.42
8392.00; 5448.00; 4976.00; 6530.00; 1467299889.42
8392.00; 5448.00; 4979.00; 6530.00; 1467299889.44
8385.00; 5456.00; 4979.00; 6525.00; 1467299889.44
8392.00; 5449.00; 4977.00; 6527.00; 1467299889.46
8392.00; 5449.00; 4977.00; 6527.00; 1467299889.46
8392.00; 5449.00; 4971.00; 6525.00; 1467299889.48
8390.00; 5450.00; 4984.00; 6523.00; 1467299889.48
8390.00; 5450.00; 4984.00; 6523.00; 1467299889.50
8390.00; 5452.00; 4976.00; 6523.00; 1467299889.50
8390.00; 5452.00; 4976.00; 6523.00; 1467299889.52
8386.00; 5453.00; 4969.00; 6529.00; 1467299889.52
8390.00; 5451.00; 4972.00; 6528.00; 1467299889.54
8390.00; 5451.00; 4972.00; 6528.00; 1467299889.54
8391.00; 5450.00; 4971.00; 6527.00; 1467299889.56
8387.00; 5449.00; 4977.00; 6526.00; 1467299889.56
8387.00; 5449.00; 4977.00; 6526.00; 1467299889.58
8390.00; 5448.00; 4971.00; 6532.00; 1467299889.58
8390.00; 5448.00; 4971.00; 6532.00; 1467299889.60
8390.00; 5450.00; 4978.00; 6528.00; 1467299889.60
8391.00; 5450.00; 4974.00; 6524.00; 1467299889.62
8391.00; 5450.00; 4974.00; 6524.00; 1467299889.62
8389.00; 5457.00; 4976.00; 6523.00; 1467299889.64
8390.00; 5452.00; 4978.00; 6526.00; 1467299889.64
8390.00; 5452.00; 4978.00; 6526.00; 1467299889.66
8389.00; 5451.00; 4986.00; 6527.00; 1467299889.66
8389.00; 5451.00; 4986.00; 6527.00; 1467299889.68
8396.00; 5452.00; 4978.00; 6526.00; 1467299889.68
8391.00; 5450.00; 4978.00; 6528.00; 1467299889.70
8391.00; 5450.00; 4978.00; 6528.00; 1467299889.70
8386.00; 5454.00; 4975.00; 6530.00; 1467299889.72
8388.00; 5454.00; 4979.00; 6530.00; 1467299889.72
8388.00; 5448.00; 4979.00; 6523.00; 1467299889.74
8392.00; 5448.00; 4978.00; 6528.00; 1467299889.74
8392.00; 5448.00; 4978.00; 6528.00; 1467299889.76
8388.00; 5449.00; 4974.00; 6522.00; 1467299889.77
8393.00; 5453.00; 4972.00; 6525.00; 1467299889.77
8393.00; 5453.00; 4972.00; 6525.00; 1467299889.78
8397.00; 5448.00; 4976.00; 6522.00; 1467299889.79
8397.00; 5448.00; 4976.00; 6522.00; 1467299889.80
8390.00; 5446.00; 4976.00; 6528.00; 1467299889.82
8390.00; 5451.00; 4980.00; 6525.00; 1467299889.82
8390.00; 5451.00; 4980.00; 6525.00; 1467299889.84
8387.00; 5447.00; 4975.00; 6523.00; 1467299889.84
8389.00; 5456.00; 4970.00; 6523.00; 1467299889.86
8389.00; 5456.00; 4970.00; 6523.00; 1467299889.86
8390.00; 5455.00; 4977.00; 6529.00; 1467299889.89
8391.00; 5450.00; 4972.00; 6527.00; 1467299889.89
8391.00; 5450.00; 4972.00; 6527.00; 1467299889.89
8386.00; 5454.00; 4979.00; 6531.00; 1467299889.91
8386.00; 5454.00; 4979.00; 6531.00; 1467299889.91
8392.00; 5457.00; 4972.00; 6524.00; 1467299889.93
8388.00; 5449.00; 4973.00; 6524.00; 1467299889.93
8388.00; 5449.00; 4973.00; 6524.00; 1467299889.95
8387.00; 5456.00; 4979.00; 6522.00; 1467299889.95
8388.00; 5451.00; 4983.00; 6523.00; 1467299889.97
8388.00; 5451.00; 4983.00; 6523.00; 1467299889.97
8388.00; 5448.00; 4972.00; 6527.00; 1467299889.99
8388.00; 5448.00; 4972.00; 6527.00; 1467299889.99
8391.00; 5449.00; 4976.00; 6524.00; 1467299890.01
8387.00; 5447.00; 4974.00; 6528.00; 1467299890.01
8387.00; 5447.00; 4974.00; 6528.00; 1467299890.03
8390.00; 5459.00; 4980.00; 6524.00; 1467299890.03
8387.00; 5453.00; 4980.00; 6527.00; 1467299890.05
8387.00; 5453.00; 4980.00; 6527.00; 1467299890.05
8385.00; 5459.00; 4979.00; 6530.00; 1467299890.07
8385.00; 5459.00; 4979.00; 6530.00; 1467299890.07
8392.00; 5453.00; 4974.00; 6529.00; 1467299890.09
8386.00; 5449.00; 4969.00; 6528.00; 1467299890.09
8386.00; 5449.00; 4969.00; 6528.00; 1467299890.11
8389.00; 5456.00; 4968.00; 6527.00; 1467299890.11
8389.00; 5456.00; 4968.00; 6527.00; 1467299890.13
8387.00; 5451.00; 4974.00; 6523.00; 1467299890.13
8383.00; 5450.00; 4975.00; 6532.00; 1467299890.15
8383.00; 5450.00; 4975.00; 6532.00; 1467299890.15
8394.00; 5451.00; 4972.00; 6524.00; 1467299890.17
8388.00; 5449.00; 4976.00; 6521.00; 1467299890.17
8388.00; 5449.00; 4976.00; 6521.00; 1467299890.19
8387.00; 5450.00; 4977.00; 6523.00; 1467299890.19
8387.00; 5450.00; 4977.00; 6523.00; 1467299890.21
8389.00; 5449.00; 4980.00; 6524.00; 1467299890.21
8391.00; 5445.00; 4979.00; 6531.00; 1467299890.23
8391.00; 5445.00; 4979.00; 6531.00; 1467299890.23
8389.00; 5450.00; 4976.00; 6524.00; 1467299890.25
8392.00; 5453.00; 4982.00; 6522.00; 1467299890.25
8392.00; 5453.00; 4982.00; 6522.00; 1467299890.27
8387.00; 5453.00; 4978.00; 6527.00; 1467299890.27
8387.00; 5453.00; 4978.00; 6527.00; 1467299890.29
8390.00; 5443.00; 4976.00; 6527.00; 1467299890.29
8386.00; 5451.00; 4977.00; 6528.00; 1467299890.31
8386.00; 5451.00; 4977.00; 6528.00; 1467299890.31
8394.00; 5449.00; 4974.00; 6529.00; 1467299890.33
8393.00; 5451.00; 4976.00; 6527.00; 1467299890.33
8393.00; 5451.00; 4976.00; 6527.00; 1467299890.35
8390.00; 5454.00; 4979.00; 6528.00; 1467299890.35
8390.00; 5454.00; 4979.00; 6528.00; 1467299890.37
8388.00; 5450.00; 4977.00; 6528.00; 1467299890.37
8391.00; 5451.00; 4978.00; 6523.00; 1467299890.39
8391.00; 5451.00; 4978.00; 6523.00; 1467299890.39
8390.00; 5447.00; 4986.00; 6524.00; 1467299890.41
8390.00; 5447.00; 4986.00; 6524.00; 1467299890.41
8395.00; 5456.00; 4974.00; 6523.00; 1467299890.43
8387.00; 5458.00; 4976.00; 6529.00; 1467299890.43
8387.00; 5458.00; 4976.00; 6529.00; 1467299890.45
8389.00; 5455.00; 4971.00; 6529.00; 1467299890.45
8392.00; 5453.00; 4974.00; 6532.00; 1467299890.47
8392.00; 5453.00; 4974.00; 6532.00; 1467299890.47
8384.00; 5450.00; 4977.00; 6526.00; 1467299890.49
8384.00; 5450.00; 4977.00; 6526.00; 1467299890.49
8386.00; 5451.00; 4979.00; 6524.00; 1467299890.51
8390.00; 5451.00; 4976.00; 6524.00; 1467299890.51
8390.00; 5451.00; 4976.00; 6524.00; 1467299890.53
8385.00; 5452.00; 4973.00; 6528.00; 1467299890.53
8389.00; 5455.00; 4977.00; 6526.00; 1467299890.55
8389.00; 5455.00; 4977.00; 6526.00; 1467299890.55
8390.00; 5456.00; 4970.00; 6529.00; 1467299890.57
8390.00; 5456.00; 4970.00; 6529.00; 1467299890.57
8391.00; 5448.00; 4974.00; 6526.00; 1467299890.59
8390.00; 5453.00; 4974.00; 6522.00; 1467299890.59
8390.00; 5453.00; 4974.00; 6522.00; 1467299890.61
8387.00; 5447.00; 4975.00; 6529.00; 1467299890.61
8387.00; 5447.00; 4975.00; 6529.00; 1467299890.63
8387.00; 5452.00; 4974.00; 6524.00; 1467299890.63
8386.00; 5457.00; 4977.00; 6525.00; 1467299890.65
8386.00; 5457.00; 4977.00; 6525.00; 1467299890.65
8385.00; 5456.00; 4973.00; 6526.00; 1467299890.67
8391.00; 5454.00; 4979.00; 6525.00; 1467299890.67
8391.00; 5454.00; 4979.00; 6525.00; 1467299890.69
8383.00; 5450.00; 4972.00; 6531.00; 1467299890.69
8383.00; 5450.00; 4972.00; 6531.00; 1467299890.71
8386.00; 5453.00; 4977.00; 6527.00; 1467299890.71
8395.00; 5450.00; 4970.00; 6524.00; 1467299890.73
8395.00; 5450.00; 4970.00; 6524.00; 1467299890.73
8393.00; 5450.00; 4971.00; 6522.00; 1467299890.75
8393.00; 5450.00; 4975.00; 6523.00; 1467299890.75
8393.00; 5453.00; 4975.00; 6523.00; 1467299890.77
8386.00; 5452.00; 4978.00; 6527.00; 1467299890.77
8386.00; 5452.00; 4978.00; 6527.00; 1467299890.79
8393.00; 5454.00; 4979.00; 6530.00; 1467299890.79
8393.00; 5453.00; 4977.00; 6529.00; 1467299890.81
8393.00; 5453.00; 4977.00; 6529.00; 1467299890.81
8392.00; 5450.00; 4975.00; 6527.00; 1467299890.83
8392.00; 5450.00; 4975.00; 6527.00; 1467299890.83
8383.00; 5449.00; 4978.00; 6526.00; 1467299890.85
8390.00; 5452.00; 4978.00; 6525.00; 1467299890.85
8390.00; 5452.00; 4978.00; 6525.00; 1467299890.87
8393.00; 5453.00; 4970.00; 6523.00; 1467299890.87
8389.00; 5452.00; 4980.00; 6529.00; 1467299890.89
8389.00; 5452.00; 4980.00; 6529.00; 1467299890.89
8393.00; 5451.00; 4978.00; 6523.00; 1467299890.91
8393.00; 5451.00; 4978.00; 6523.00; 1467299890.91
8384.00; 5455.00; 4975.00; 6527.00; 1467299890.93
8395.00; 5449.00; 4976.00; 6527.00; 1467299890.93
8395.00; 5449.00; 4976.00; 6527.00; 1467299890.95
8394.00; 5455.00; 4976.00; 6531.00; 1467299890.95
8394.00; 5455.00; 4982.00; 6531.00; 1467299890.97
8391.00; 5446.00; 4982.00; 6528.00; 1467299890.97
8389.00; 5450.00; 4973.00; 6526.00; 1467299890.99
8389.00; 5450.00; 4973.00; 6526.00; 1467299890.99
8388.00; 5449.00; 4982.00; 6521.00; 1467299891.01
8385.00; 5449.00; 4970.00; 6524.00; 1467299891.01
8385.00; 5449.00; 4970.00; 6524.00; 1467299891.03
8389.00; 5450.00; 4976.00; 6527.00; 1467299891.03
8389.00; 5450.00; 4976.00; 6527.00; 1467299891.05
8390.00; 5450.00; 4976.00; 6522.00; 1467299891.05
8381.00; 5448.00; 4984.00; 6527.00; 1467299891.07
8381.00; 5448.00; 4984.00; 6527.00; 1467299891.07
8388.00; 5452.00; 4973.00; 6525.00; 1467299891.09
8388.00; 5455.00; 4980.00; 6526.00; 1467299891.09
8388.00; 5455.00; 4980.00; 6526.00; 1467299891.11
8393.00; 5452.00; 4976.00; 6527.00; 1467299891.11
8393.00; 5452.00; 4976.00; 6527.00; 1467299891.13
8387.00; 5454.00; 4973.00; 6519.00; 1467299891.13
8390.00; 5450.00; 4977.00; 6527.00; 1467299891.15
8390.00; 5450.00; 4977.00; 6527.00; 1467299891.15
8388.00; 5449.00; 4975.00; 6525.00; 1467299891.17
8388.00; 5449.00; 4975.00; 6525.00; 1467299891.17
8387.00; 5450.00; 4971.00; 6530.00; 1467299891.19
8392.00; 5451.00; 4974.00; 6525.00; 1467299891.19
8392.00; 5451.00; 4974.00; 6525.00; 1467299891.21
8390.00; 5448.00; 4982.00; 6529.00; 1467299891.21
8384.00; 5452.00; 4973.00; 6525.00; 1467299891.23
8384.00; 5452.00; 4973.00; 6525.00; 1467299891.24
8390.00; 5453.00; 4987.00; 6531.00; 1467299891.25
8390.00; 5453.00; 4987.00; 6531.00; 1467299891.26
8392.00; 5452.00; 4977.00; 6520.00; 1467299891.27
8389.00; 5449.00; 4976.00; 6526.00; 1467299891.28
8389.00; 5449.00; 4976.00; 6526.00; 1467299891.29
8390.00; 5452.00; 4971.00; 6521.00; 1467299891.30
8389.00; 5444.00; 4974.00; 6523.00; 1467299891.31
8389.00; 5444.00; 4974.00; 6523.00; 1467299891.32
8388.00; 5452.00; 4975.00; 6526.00; 1467299891.33
8388.00; 5452.00; 4975.00; 6526.00; 1467299891.34
8386.00; 5451.00; 4973.00; 6525.00; 1467299891.35
8392.00; 5451.00; 4978.00; 6528.00; 1467299891.36
8392.00; 5451.00; 4978.00; 6528.00; 1467299891.37
8394.00; 5455.00; 4974.00; 6526.00; 1467299891.38
8384.00; 5452.00; 4972.00; 6522.00; 1467299891.39
8384.00; 5452.00; 4972.00; 6522.00; 1467299891.40
8393.00; 5452.00; 4979.00; 6525.00; 1467299891.41
8393.00; 5452.00; 4979.00; 6525.00; 1467299891.42
8390.00; 5448.00; 4973.00; 6527.00; 1467299891.43
8391.00; 5454.00; 4972.00; 6524.00; 1467299891.44
8391.00; 5454.00; 4972.00; 6524.00; 1467299891.45
8388.00; 5456.00; 4973.00; 6523.00; 1467299891.46
8388.00; 5456.00; 4973.00; 6523.00; 1467299891.47
8385.00; 5448.00; 4978.00; 6525.00; 1467299891.48
8389.00; 5448.00; 4977.00; 6529.00; 1467299891.49
8389.00; 5448.00; 4977.00; 6529.00; 1467299891.50
8391.00; 5448.00; 4974.00; 6525.00; 1467299891.51
8389.00; 5449.00; 4973.00; 6524.00; 1467299891.52
8389.00; 5449.00; 4973.00; 6524.00; 1467299891.53
8391.00; 5449.00; 4973.00; 6527.00; 1467299891.54
8391.00; 5449.00; 4973.00; 6527.00; 1467299891.55
8389.00; 5452.00; 4977.00; 6525.00; 1467299891.56
8388.00; 5450.00; 4969.00; 6529.00; 1467299891.57
8388.00; 5450.00; 4969.00; 6529.00; 1467299891.58
8391.00; 5456.00; 4973.00; 6531.00; 1467299891.59
8393.00; 5452.00; 4975.00; 6521.00; 1467299891.60
8393.00; 5452.00; 4975.00; 6521.00; 1467299891.61
8392.00; 5446.00; 4977.00; 6519.00; 1467299891.62
8392.00; 5446.00; 4977.00; 6519.00; 1467299891.63
8387.00; 5451.00; 4977.00; 6522.00; 1467299891.64
8392.00; 5448.00; 4975.00; 6522.00; 1467299891.65
8392.00; 5448.00; 4975.00; 6522.00; 1467299891.66
8385.00; 5450.00; 4972.00; 6524.00; 1467299891.67
8385.00; 5450.00; 4972.00; 6524.00; 1467299891.68
8391.00; 5449.00; 4979.00; 6521.00; 1467299891.69
8389.00; 5448.00; 4976.00; 6526.00; 1467299891.70
8389.00; 5448.00; 4976.00; 6526.00; 1467299891.71
8392.00; 5457.00; 4977.00; 6521.00; 1467299891.72
8384.00; 5459.00; 4974.00; 6526.00; 1467299891.73
8384.00; 5459.00; 4974.00; 6526.00; 1467299891.74
8386.00; 5448.00; 4973.00; 6530.00; 1467299891.75
8386.00; 5448.00; 4973.00; 6530.00; 1467299891.76
8391.00; 5448.00; 4971.00; 6526.00; 1467299891.77
8387.00; 5455.00; 4980.00; 6528.00; 1467299891.78
8387.00; 5455.00; 4980.00; 6528.00; 1467299891.79
8398.00; 5453.00; 4977.00; 6525.00; 1467299891.80
8387.00; 5450.00; 4976.00; 6524.00; 1467299891.81
8387.00; 5450.00; 4976.00; 6524.00; 1467299891.82
8388.00; 5456.00; 4977.00; 6523.00; 1467299891.83
8388.00; 5456.00; 4977.00; 6523.00; 1467299891.84
8389.00; 5450.00; 4980.00; 6529.00; 1467299891.85
8393.00; 5452.00; 4974.00; 6527.00; 1467299891.86
8393.00; 5452.00; 4974.00; 6527.00; 1467299891.87
8392.00; 5452.00; 4975.00; 6524.00; 1467299891.88
8392.00; 5452.00; 4975.00; 6524.00; 1467299891.89
8384.00; 5448.00; 4974.00; 6526.00; 1467299891.90
8383.00; 5450.00; 4978.00; 6526.00; 1467299891.91
8383.00; 5450.00; 4978.00; 6526.00; 1467299891.92
8391.00; 5446.00; 4974.00; 6528.00; 1467299891.93
8392.00; 5451.00; 4981.00; 6521.00; 1467299891.94
8392.00; 5451.00; 4981.00; 6521.00; 1467299891.95
8392.00; 5454.00; 4973.00; 6524.00; 1467299891.96
8392.00; 5454.00; 4973.00; 6524.00; 1467299891.97
8388.00; 5444.00; 4967.00; 6524.00; 1467299891.98
8390.00; 5445.00; 4972.00; 6527.00; 1467299891.99
8390.00; 5445.00; 4972.00; 6527.00; 1467299892.00
8395.00; 5454.00; 4976.00; 6521.00; 1467299892.01
8395.00; 5454.00; 4976.00; 6521.00; 1467299892.02
8389.00; 5450.00; 4977.00; 6522.00; 1467299892.03
8393.00; 5451.00; 4971.00; 6523.00; 1467299892.04
8393.00; 5451.00; 4971.00; 6523.00; 1467299892.05
8392.00; 5452.00; 4977.00; 6520.00; 1467299892.06
8384.00; 5455.00; 4973.00; 6523.00; 1467299892.07
8384.00; 5455.00; 4973.00; 6523.00; 1467299892.08
8394.00; 5452.00; 4981.00; 6531.00; 1467299892.09
8394.00; 5452.00; 4981.00; 6531.00; 1467299892.10
8389.00; 5450.00; 4977.00; 6529.00; 1467299892.11
8385.00; 5456.00; 4977.00; 6525.00; 1467299892.12
8385.00; 5456.00; 4977.00; 6525.00; 1467299892.13
8389.00; 5449.00; 4980.00; 6526.00; 1467299892.14
8389.00; 5444.00; 4975.00; 6524.00; 1467299892.15
8389.00; 5444.00; 4975.00; 6524.00; 1467299892.16
8390.00; 5452.00; 4975.00; 6526.00; 1467299892.17
8390.00; 5452.00; 4975.00; 6526.00; 1467299892.18
8389.00; 5455.00; 4977.00; 6523.00; 1467299892.19
8389.00; 5455.00; 4974.00; 6523.00; 1467299892.20
8389.00; 5455.00; 4974.00; 6523.00; 1467299892.21
8385.00; 5453.00; 4972.00; 6526.00; 1467299892.22
8385.00; 5453.00; 4972.00; 6526.00; 1467299892.23
8387.00; 5447.00; 4976.00; 6524.00; 1467299892.24
8391.00; 5459.00; 4976.00; 6529.00; 1467299892.25
8391.00; 5459.00; 4976.00; 6529.00; 1467299892.26
8388.00; 5453.00; 4980.00; 6523.00; 1467299892.27
8394.00; 5450.00; 4977.00; 6526.00; 1467299892.28
8394.00; 5450.00; 4977.00; 6526.00; 1467299892.29
8388.00; 5452.00; 4975.00; 6523.00; 1467299892.30
