TL, TR, BL, BR, time 
8385.00; 5448.00; 4976.00; 6526.00; 1467299808.36
8389.00; 5451.00; 4975.00; 6522.00; 1467299808.36
8389.00; 5451.00; 4975.00; 6522.00; 1467299808.36
8385.00; 5447.00; 4975.00; 6525.00; 1467299808.36
8385.00; 5449.00; 4975.00; 6520.00; 1467299808.36
8385.00; 5449.00; 4975.00; 6520.00; 1467299808.36
8388.00; 5451.00; 4979.00; 6527.00; 1467299808.36
8387.00; 5451.00; 4976.00; 6528.00; 1467299808.36
8387.00; 5451.00; 4976.00; 6528.00; 1467299808.36
8390.00; 5457.00; 4976.00; 6527.00; 1467299808.36
8390.00; 5457.00; 4976.00; 6527.00; 1467299808.36
8384.00; 5451.00; 4968.00; 6524.00; 1467299808.36
8385.00; 5448.00; 4972.00; 6524.00; 1467299808.36
8385.00; 5448.00; 4972.00; 6524.00; 1467299808.36
8389.00; 5446.00; 4973.00; 6526.00; 1467299808.36
8383.00; 5447.00; 4970.00; 6523.00; 1467299808.36
8383.00; 5447.00; 4970.00; 6523.00; 1467299808.36
8386.00; 5443.00; 4975.00; 6528.00; 1467299808.36
8386.00; 5443.00; 4975.00; 6528.00; 1467299808.36
8380.00; 5452.00; 4978.00; 6521.00; 1467299808.36
8384.00; 5451.00; 4971.00; 6528.00; 1467299808.36
8384.00; 5451.00; 4971.00; 6528.00; 1467299808.36
8385.00; 5450.00; 4976.00; 6526.00; 1467299808.36
8388.00; 5451.00; 4977.00; 6529.00; 1467299808.36
8388.00; 5451.00; 4977.00; 6529.00; 1467299808.36
8388.00; 5449.00; 4971.00; 6527.00; 1467299808.36
8388.00; 5449.00; 4971.00; 6527.00; 1467299808.36
8383.00; 5453.00; 4973.00; 6526.00; 1467299808.36
8388.00; 5455.00; 4972.00; 6523.00; 1467299808.36
8388.00; 5455.00; 4972.00; 6523.00; 1467299808.36
8387.00; 5453.00; 4970.00; 6527.00; 1467299808.36
8387.00; 5454.00; 4973.00; 6527.00; 1467299808.36
8387.00; 5454.00; 4973.00; 6527.00; 1467299808.36
8389.00; 5452.00; 4969.00; 6527.00; 1467299808.36
8389.00; 5452.00; 4969.00; 6527.00; 1467299808.36
8385.00; 5448.00; 4971.00; 6526.00; 1467299808.36
8390.00; 5454.00; 4972.00; 6525.00; 1467299808.36
8390.00; 5454.00; 4972.00; 6525.00; 1467299808.36
8386.00; 5446.00; 4972.00; 6520.00; 1467299808.36
8386.00; 5450.00; 4971.00; 6523.00; 1467299808.36
8386.00; 5450.00; 4971.00; 6523.00; 1467299808.36
8385.00; 5444.00; 4974.00; 6521.00; 1467299808.36
8385.00; 5444.00; 4974.00; 6521.00; 1467299808.36
8384.00; 5449.00; 4972.00; 6527.00; 1467299808.36
8394.00; 5454.00; 4969.00; 6523.00; 1467299808.36
8394.00; 5454.00; 4969.00; 6523.00; 1467299808.36
8384.00; 5453.00; 4968.00; 6524.00; 1467299808.36
8384.00; 5450.00; 4971.00; 6525.00; 1467299808.36
8384.00; 5450.00; 4971.00; 6525.00; 1467299808.36
8385.00; 5451.00; 4970.00; 6527.00; 1467299808.36
8385.00; 5451.00; 4970.00; 6527.00; 1467299808.36
8380.00; 5455.00; 4971.00; 6527.00; 1467299808.36
8389.00; 5455.00; 4978.00; 6524.00; 1467299808.36
8389.00; 5455.00; 4978.00; 6524.00; 1467299808.36
8390.00; 5448.00; 4976.00; 6523.00; 1467299808.36
8388.00; 5445.00; 4978.00; 6522.00; 1467299808.36
8388.00; 5445.00; 4978.00; 6522.00; 1467299808.36
8382.00; 5447.00; 4977.00; 6523.00; 1467299808.36
8382.00; 5447.00; 4977.00; 6523.00; 1467299808.36
8387.00; 5450.00; 4981.00; 6521.00; 1467299808.36
8383.00; 5446.00; 4979.00; 6527.00; 1467299808.36
8383.00; 5446.00; 4979.00; 6527.00; 1467299808.36
8387.00; 5449.00; 4973.00; 6522.00; 1467299808.36
8384.00; 5447.00; 4968.00; 6523.00; 1467299808.36
8384.00; 5447.00; 4968.00; 6523.00; 1467299808.36
8388.00; 5456.00; 4971.00; 6526.00; 1467299808.36
8388.00; 5456.00; 4971.00; 6526.00; 1467299808.36
8381.00; 5449.00; 4966.00; 6527.00; 1467299808.36
8392.00; 5449.00; 4976.00; 6525.00; 1467299808.37
8392.00; 5449.00; 4976.00; 6525.00; 1467299808.39
8385.00; 5450.00; 4976.00; 6528.00; 1467299808.39
8379.00; 5443.00; 4976.00; 6524.00; 1467299808.41
8379.00; 5443.00; 4976.00; 6524.00; 1467299808.41
8386.00; 5448.00; 4976.00; 6525.00; 1467299808.43
8386.00; 5448.00; 4976.00; 6525.00; 1467299808.43
8386.00; 5446.00; 4970.00; 6521.00; 1467299808.45
8386.00; 5446.00; 4979.00; 6519.00; 1467299808.45
8386.00; 5446.00; 4979.00; 6519.00; 1467299808.47
8388.00; 5454.00; 4974.00; 6524.00; 1467299808.47
8389.00; 5451.00; 4980.00; 6523.00; 1467299808.49
8389.00; 5451.00; 4980.00; 6523.00; 1467299808.49
8388.00; 5452.00; 4978.00; 6523.00; 1467299808.51
8388.00; 5452.00; 4978.00; 6523.00; 1467299808.51
8387.00; 5453.00; 4974.00; 6529.00; 1467299808.53
8388.00; 5452.00; 4983.00; 6524.00; 1467299808.53
8388.00; 5452.00; 4983.00; 6524.00; 1467299808.55
8387.00; 5447.00; 4975.00; 6528.00; 1467299808.55
8381.00; 5448.00; 4975.00; 6523.00; 1467299808.57
8381.00; 5448.00; 4975.00; 6523.00; 1467299808.57
8385.00; 5449.00; 4969.00; 6525.00; 1467299808.59
8386.00; 5451.00; 4976.00; 6525.00; 1467299808.60
8386.00; 5451.00; 4976.00; 6525.00; 1467299808.61
8387.00; 5447.00; 4974.00; 6524.00; 1467299808.62
8387.00; 5447.00; 4974.00; 6524.00; 1467299808.63
8387.00; 5445.00; 4972.00; 6520.00; 1467299808.64
8386.00; 5442.00; 4976.00; 6520.00; 1467299808.65
8386.00; 5442.00; 4976.00; 6520.00; 1467299808.66
8386.00; 5449.00; 4973.00; 6522.00; 1467299808.67
8380.00; 5454.00; 4969.00; 6516.00; 1467299808.68
8380.00; 5454.00; 4969.00; 6516.00; 1467299808.69
8386.00; 5449.00; 4972.00; 6521.00; 1467299808.70
8386.00; 5449.00; 4972.00; 6521.00; 1467299808.72
8384.00; 5450.00; 4971.00; 6525.00; 1467299808.72
8389.00; 5452.00; 4971.00; 6524.00; 1467299808.73
8389.00; 5452.00; 4971.00; 6524.00; 1467299808.74
8383.00; 5452.00; 4973.00; 6527.00; 1467299808.76
8382.00; 5448.00; 4972.00; 6526.00; 1467299808.76
8382.00; 5448.00; 4972.00; 6526.00; 1467299808.78
8394.00; 5452.00; 4974.00; 6522.00; 1467299808.78
8394.00; 5452.00; 4974.00; 6522.00; 1467299808.80
8387.00; 5452.00; 4975.00; 6528.00; 1467299808.80
8389.00; 5452.00; 4978.00; 6525.00; 1467299808.82
8389.00; 5452.00; 4978.00; 6525.00; 1467299808.82
8386.00; 5446.00; 4972.00; 6526.00; 1467299808.84
8382.00; 5458.00; 4967.00; 6524.00; 1467299808.84
8382.00; 5458.00; 4967.00; 6524.00; 1467299808.86
8383.00; 5451.00; 4977.00; 6522.00; 1467299808.86
8383.00; 5451.00; 4977.00; 6522.00; 1467299808.88
8386.00; 5446.00; 4975.00; 6525.00; 1467299808.88
8385.00; 5449.00; 4974.00; 6524.00; 1467299808.90
8385.00; 5449.00; 4974.00; 6524.00; 1467299808.90
8383.00; 5454.00; 4969.00; 6522.00; 1467299808.92
8388.00; 5442.00; 4971.00; 6523.00; 1467299808.92
8388.00; 5442.00; 4971.00; 6523.00; 1467299808.94
8385.00; 5453.00; 4969.00; 6521.00; 1467299808.94
8385.00; 5453.00; 4969.00; 6521.00; 1467299808.96
8392.00; 5442.00; 4977.00; 6520.00; 1467299808.96
8385.00; 5451.00; 4974.00; 6519.00; 1467299808.98
8385.00; 5451.00; 4974.00; 6519.00; 1467299808.98
8384.00; 5453.00; 4969.00; 6530.00; 1467299809.00
8386.00; 5449.00; 4976.00; 6528.00; 1467299809.00
8386.00; 5449.00; 4976.00; 6528.00; 1467299809.02
8393.00; 5457.00; 4968.00; 6529.00; 1467299809.02
8397.00; 5447.00; 4977.00; 6529.00; 1467299809.04
8397.00; 5447.00; 4977.00; 6529.00; 1467299809.04
8390.00; 5454.00; 4981.00; 6526.00; 1467299809.06
8390.00; 5454.00; 4981.00; 6526.00; 1467299809.06
8391.00; 5456.00; 4974.00; 6526.00; 1467299809.08
8387.00; 5455.00; 4975.00; 6521.00; 1467299809.08
8387.00; 5455.00; 4975.00; 6521.00; 1467299809.10
8387.00; 5457.00; 4975.00; 6524.00; 1467299809.10
8386.00; 5452.00; 4978.00; 6525.00; 1467299809.12
8386.00; 5452.00; 4978.00; 6525.00; 1467299809.12
8390.00; 5449.00; 4981.00; 6526.00; 1467299809.14
8390.00; 5449.00; 4981.00; 6526.00; 1467299809.14
8390.00; 5447.00; 4973.00; 6524.00; 1467299809.16
8389.00; 5453.00; 4978.00; 6526.00; 1467299809.16
8389.00; 5453.00; 4978.00; 6526.00; 1467299809.18
8386.00; 5450.00; 4968.00; 6525.00; 1467299809.18
8390.00; 5453.00; 4977.00; 6525.00; 1467299809.20
8390.00; 5453.00; 4977.00; 6525.00; 1467299809.20
8386.00; 5452.00; 4971.00; 6528.00; 1467299809.22
8386.00; 5452.00; 4971.00; 6528.00; 1467299809.23
8391.00; 5449.00; 4977.00; 6523.00; 1467299809.25
8383.00; 5453.00; 4976.00; 6523.00; 1467299809.25
8383.00; 5453.00; 4976.00; 6523.00; 1467299809.26
8388.00; 5449.00; 4973.00; 6528.00; 1467299809.27
8386.00; 5456.00; 4971.00; 6526.00; 1467299809.28
8386.00; 5456.00; 4971.00; 6526.00; 1467299809.29
8386.00; 5445.00; 4971.00; 6528.00; 1467299809.30
8386.00; 5445.00; 4971.00; 6528.00; 1467299809.31
8392.00; 5451.00; 4972.00; 6525.00; 1467299809.32
8394.00; 5447.00; 4975.00; 6526.00; 1467299809.33
8394.00; 5447.00; 4975.00; 6526.00; 1467299809.34
8385.00; 5456.00; 4974.00; 6530.00; 1467299809.35
8388.00; 5449.00; 4976.00; 6523.00; 1467299809.36
8388.00; 5449.00; 4976.00; 6523.00; 1467299809.37
8389.00; 5454.00; 4968.00; 6529.00; 1467299809.38
8389.00; 5454.00; 4968.00; 6529.00; 1467299809.39
8387.00; 5452.00; 4979.00; 6531.00; 1467299809.40
8386.00; 5452.00; 4972.00; 6525.00; 1467299809.42
8386.00; 5452.00; 4972.00; 6525.00; 1467299809.42
8391.00; 5452.00; 4969.00; 6526.00; 1467299809.43
8383.00; 5452.00; 4976.00; 6530.00; 1467299809.44
8383.00; 5452.00; 4976.00; 6530.00; 1467299809.46
8384.00; 5451.00; 4973.00; 6525.00; 1467299809.46
8384.00; 5451.00; 4973.00; 6525.00; 1467299809.47
8388.00; 5452.00; 4976.00; 6529.00; 1467299809.48
8387.00; 5445.00; 4975.00; 6523.00; 1467299809.49
8387.00; 5445.00; 4975.00; 6523.00; 1467299809.50
8384.00; 5450.00; 4973.00; 6527.00; 1467299809.51
8384.00; 5453.00; 4976.00; 6527.00; 1467299809.52
8384.00; 5453.00; 4976.00; 6527.00; 1467299809.53
8388.00; 5449.00; 4974.00; 6528.00; 1467299809.54
8388.00; 5449.00; 4974.00; 6528.00; 1467299809.55
8385.00; 5451.00; 4978.00; 6524.00; 1467299809.56
8385.00; 5446.00; 4974.00; 6522.00; 1467299809.57
8385.00; 5446.00; 4974.00; 6522.00; 1467299809.58
8391.00; 5449.00; 4973.00; 6522.00; 1467299809.59
8391.00; 5449.00; 4973.00; 6522.00; 1467299809.60
8388.00; 5451.00; 4974.00; 6527.00; 1467299809.61
8385.00; 5446.00; 4974.00; 6526.00; 1467299809.62
8385.00; 5446.00; 4974.00; 6526.00; 1467299809.64
8389.00; 5451.00; 4973.00; 6533.00; 1467299809.64
8386.00; 5449.00; 4976.00; 6525.00; 1467299809.66
8386.00; 5449.00; 4976.00; 6525.00; 1467299809.66
8383.00; 5452.00; 4972.00; 6520.00; 1467299809.68
8385.00; 5447.00; 4972.00; 6526.00; 1467299809.68
8385.00; 5447.00; 4972.00; 6526.00; 1467299809.70
8387.00; 5453.00; 4974.00; 6525.00; 1467299809.70
8387.00; 5453.00; 4974.00; 6525.00; 1467299809.72
8389.00; 5455.00; 4976.00; 6527.00; 1467299809.72
8386.00; 5450.00; 4978.00; 6525.00; 1467299809.74
8386.00; 5450.00; 4978.00; 6525.00; 1467299809.74
8388.00; 5449.00; 4975.00; 6523.00; 1467299809.76
8384.00; 5448.00; 4973.00; 6519.00; 1467299809.76
8384.00; 5448.00; 4973.00; 6519.00; 1467299809.78
8393.00; 5446.00; 4977.00; 6520.00; 1467299809.78
8393.00; 5446.00; 4977.00; 6520.00; 1467299809.80
8393.00; 5449.00; 4972.00; 6524.00; 1467299809.80
8390.00; 5450.00; 4973.00; 6529.00; 1467299809.82
8390.00; 5450.00; 4973.00; 6529.00; 1467299809.82
8385.00; 5453.00; 4976.00; 6528.00; 1467299809.84
8392.00; 5447.00; 4975.00; 6527.00; 1467299809.84
8392.00; 5447.00; 4975.00; 6527.00; 1467299809.86
8389.00; 5452.00; 4966.00; 6523.00; 1467299809.86
8389.00; 5452.00; 4966.00; 6523.00; 1467299809.88
8386.00; 5455.00; 4972.00; 6523.00; 1467299809.88
8389.00; 5449.00; 4978.00; 6528.00; 1467299809.90
8389.00; 5449.00; 4978.00; 6528.00; 1467299809.90
8394.00; 5450.00; 4973.00; 6529.00; 1467299809.92
8388.00; 5453.00; 4973.00; 6522.00; 1467299809.92
8388.00; 5453.00; 4973.00; 6522.00; 1467299809.94
8389.00; 5452.00; 4975.00; 6524.00; 1467299809.94
8389.00; 5452.00; 4975.00; 6524.00; 1467299809.96
8385.00; 5458.00; 4971.00; 6523.00; 1467299809.96
8385.00; 5451.00; 4974.00; 6526.00; 1467299809.98
8385.00; 5451.00; 4974.00; 6526.00; 1467299809.98
Button pressed; 1467299810.0
8384.00; 5451.00; 4971.00; 6524.00; 1467299810.00
8388.00; 5448.00; 4973.00; 6522.00; 1467299810.00
8388.00; 5448.00; 4973.00; 6522.00; 1467299810.02
8388.00; 5455.00; 4976.00; 6530.00; 1467299810.02
8388.00; 5455.00; 4976.00; 6530.00; 1467299810.04
8382.00; 5456.00; 4975.00; 6523.00; 1467299810.04
8388.00; 5448.00; 4976.00; 6525.00; 1467299810.06
8388.00; 5448.00; 4976.00; 6525.00; 1467299810.06
8389.00; 5453.00; 4974.00; 6523.00; 1467299810.08
8392.00; 5453.00; 4974.00; 6528.00; 1467299810.08
8392.00; 5453.00; 4974.00; 6528.00; 1467299810.10
8394.00; 5454.00; 4971.00; 6528.00; 1467299810.10
8394.00; 5454.00; 4971.00; 6528.00; 1467299810.12
8387.00; 5446.00; 4973.00; 6529.00; 1467299810.12
8388.00; 5452.00; 4970.00; 6522.00; 1467299810.14
8388.00; 5452.00; 4970.00; 6522.00; 1467299810.15
8391.00; 5449.00; 4977.00; 6525.00; 1467299810.16
8393.00; 5450.00; 4973.00; 6530.00; 1467299810.16
8393.00; 5450.00; 4973.00; 6530.00; 1467299810.18
8394.00; 5450.00; 4972.00; 6524.00; 1467299810.19
8394.00; 5450.00; 4972.00; 6524.00; 1467299810.20
8389.00; 5451.00; 4980.00; 6526.00; 1467299810.21
8386.00; 5449.00; 4981.00; 6530.00; 1467299810.22
8386.00; 5449.00; 4981.00; 6530.00; 1467299810.23
8388.00; 5452.00; 4975.00; 6527.00; 1467299810.24
8391.00; 5459.00; 4974.00; 6527.00; 1467299810.25
8391.00; 5459.00; 4974.00; 6527.00; 1467299810.26
8390.00; 5454.00; 4980.00; 6524.00; 1467299810.27
8390.00; 5454.00; 4980.00; 6524.00; 1467299810.28
8383.00; 5455.00; 4975.00; 6528.00; 1467299810.29
8385.00; 5450.00; 4979.00; 6526.00; 1467299810.30
8385.00; 5450.00; 4979.00; 6526.00; 1467299810.31
8393.00; 5448.00; 4975.00; 6524.00; 1467299810.32
8387.00; 5452.00; 4972.00; 6527.00; 1467299810.33
8387.00; 5452.00; 4972.00; 6527.00; 1467299810.35
8385.00; 5455.00; 4981.00; 6527.00; 1467299810.35
8385.00; 5455.00; 4981.00; 6527.00; 1467299810.36
8385.00; 5455.00; 4977.00; 6525.00; 1467299810.37
8385.00; 5457.00; 4977.00; 6520.00; 1467299810.39
8385.00; 5457.00; 4977.00; 6520.00; 1467299810.39
8394.00; 5449.00; 4972.00; 6519.00; 1467299810.41
8390.00; 5450.00; 4974.00; 6525.00; 1467299810.41
8390.00; 5450.00; 4974.00; 6525.00; 1467299810.43
8386.00; 5456.00; 4980.00; 6528.00; 1467299810.43
8387.00; 5449.00; 4975.00; 6526.00; 1467299810.45
8387.00; 5449.00; 4975.00; 6526.00; 1467299810.45
8389.00; 5450.00; 4973.00; 6527.00; 1467299810.47
8389.00; 5450.00; 4973.00; 6527.00; 1467299810.47
8388.00; 5452.00; 4972.00; 6527.00; 1467299810.49
8387.00; 5452.00; 4969.00; 6522.00; 1467299810.49
8387.00; 5452.00; 4969.00; 6522.00; 1467299810.51
8394.00; 5450.00; 4973.00; 6528.00; 1467299810.51
8388.00; 5443.00; 4977.00; 6530.00; 1467299810.53
8388.00; 5443.00; 4977.00; 6530.00; 1467299810.53
8390.00; 5451.00; 4970.00; 6526.00; 1467299810.55
8390.00; 5451.00; 4970.00; 6526.00; 1467299810.55
8382.00; 5450.00; 4969.00; 6529.00; 1467299810.57
8385.00; 5450.00; 4970.00; 6527.00; 1467299810.57
8385.00; 5450.00; 4970.00; 6527.00; 1467299810.59
8386.00; 5454.00; 4975.00; 6521.00; 1467299810.59
8381.00; 5453.00; 4971.00; 6527.00; 1467299810.61
8381.00; 5453.00; 4971.00; 6527.00; 1467299810.61
8383.00; 5453.00; 4969.00; 6521.00; 1467299810.63
8383.00; 5453.00; 4969.00; 6521.00; 1467299810.63
8392.00; 5451.00; 4972.00; 6527.00; 1467299810.65
8384.00; 5450.00; 4975.00; 6522.00; 1467299810.65
8384.00; 5450.00; 4975.00; 6522.00; 1467299810.67
8386.00; 5454.00; 4974.00; 6525.00; 1467299810.67
8389.00; 5452.00; 4975.00; 6521.00; 1467299810.69
8389.00; 5452.00; 4975.00; 6521.00; 1467299810.69
8379.00; 5453.00; 4974.00; 6525.00; 1467299810.71
8379.00; 5453.00; 4974.00; 6525.00; 1467299810.71
8383.00; 5455.00; 4977.00; 6524.00; 1467299810.73
8386.00; 5455.00; 4973.00; 6526.00; 1467299810.73
8386.00; 5455.00; 4973.00; 6526.00; 1467299810.75
8391.00; 5450.00; 4971.00; 6527.00; 1467299810.75
8386.00; 5456.00; 4969.00; 6529.00; 1467299810.77
8386.00; 5456.00; 4969.00; 6529.00; 1467299810.77
8386.00; 5452.00; 4976.00; 6529.00; 1467299810.79
8386.00; 5452.00; 4976.00; 6529.00; 1467299810.79
8385.00; 5453.00; 4976.00; 6533.00; 1467299810.81
8385.00; 5450.00; 4972.00; 6520.00; 1467299810.81
8385.00; 5450.00; 4972.00; 6520.00; 1467299810.83
8390.00; 5450.00; 4975.00; 6523.00; 1467299810.83
8384.00; 5452.00; 4980.00; 6527.00; 1467299810.85
8384.00; 5452.00; 4980.00; 6527.00; 1467299810.85
8385.00; 5452.00; 4973.00; 6527.00; 1467299810.87
8385.00; 5452.00; 4973.00; 6527.00; 1467299810.87
8389.00; 5449.00; 4976.00; 6526.00; 1467299810.89
8387.00; 5453.00; 4972.00; 6520.00; 1467299810.89
8387.00; 5453.00; 4972.00; 6520.00; 1467299810.91
8389.00; 5455.00; 4972.00; 6524.00; 1467299810.92
8388.00; 5446.00; 4976.00; 6523.00; 1467299810.93
8388.00; 5446.00; 4976.00; 6523.00; 1467299810.94
8387.00; 5457.00; 4971.00; 6527.00; 1467299810.95
8381.00; 5441.00; 4974.00; 6526.00; 1467299810.96
8381.00; 5441.00; 4974.00; 6526.00; 1467299810.97
8391.00; 5454.00; 4977.00; 6525.00; 1467299810.98
8391.00; 5454.00; 4977.00; 6525.00; 1467299810.99
8389.00; 5455.00; 4973.00; 6524.00; 1467299811.00
8385.00; 5461.00; 4975.00; 6526.00; 1467299811.01
8385.00; 5461.00; 4975.00; 6526.00; 1467299811.02
8390.00; 5453.00; 4976.00; 6528.00; 1467299811.03
8384.00; 5449.00; 4968.00; 6528.00; 1467299811.04
8384.00; 5449.00; 4968.00; 6528.00; 1467299811.05
8387.00; 5457.00; 4973.00; 6524.00; 1467299811.06
8387.00; 5457.00; 4973.00; 6524.00; 1467299811.07
8392.00; 5450.00; 4975.00; 6528.00; 1467299811.08
8383.00; 5448.00; 4976.00; 6526.00; 1467299811.09
8383.00; 5448.00; 4976.00; 6526.00; 1467299811.10
8385.00; 5457.00; 4973.00; 6520.00; 1467299811.11
8385.00; 5457.00; 4973.00; 6520.00; 1467299811.12
8393.00; 5456.00; 4976.00; 6528.00; 1467299811.13
8387.00; 5451.00; 4976.00; 6523.00; 1467299811.14
8387.00; 5451.00; 4976.00; 6523.00; 1467299811.15
8384.00; 5450.00; 4971.00; 6526.00; 1467299811.16
8387.00; 5454.00; 4976.00; 6526.00; 1467299811.18
8387.00; 5454.00; 4976.00; 6526.00; 1467299811.18
8390.00; 5451.00; 4972.00; 6529.00; 1467299811.20
8385.00; 5456.00; 4973.00; 6525.00; 1467299811.20
8385.00; 5456.00; 4973.00; 6525.00; 1467299811.22
8382.00; 5451.00; 4970.00; 6523.00; 1467299811.22
8382.00; 5451.00; 4970.00; 6523.00; 1467299811.24
8391.00; 5449.00; 4974.00; 6528.00; 1467299811.24
8386.00; 5453.00; 4977.00; 6526.00; 1467299811.25
8386.00; 5453.00; 4977.00; 6526.00; 1467299811.27
8389.00; 5447.00; 4974.00; 6528.00; 1467299811.27
8385.00; 5451.00; 4975.00; 6523.00; 1467299811.29
8385.00; 5451.00; 4975.00; 6523.00; 1467299811.29
8390.00; 5457.00; 4976.00; 6528.00; 1467299811.31
8390.00; 5457.00; 4976.00; 6528.00; 1467299811.31
8386.00; 5450.00; 4975.00; 6527.00; 1467299811.33
8387.00; 5445.00; 4972.00; 6529.00; 1467299811.33
8387.00; 5445.00; 4972.00; 6529.00; 1467299811.35
8393.00; 5452.00; 4972.00; 6524.00; 1467299811.35
8386.00; 5456.00; 4976.00; 6527.00; 1467299811.37
8386.00; 5456.00; 4976.00; 6527.00; 1467299811.37
8391.00; 5449.00; 4977.00; 6526.00; 1467299811.39
8391.00; 5449.00; 4977.00; 6526.00; 1467299811.39
8384.00; 5450.00; 4976.00; 6526.00; 1467299811.41
8390.00; 5452.00; 4976.00; 6523.00; 1467299811.41
8390.00; 5452.00; 4976.00; 6523.00; 1467299811.43
8390.00; 5443.00; 4973.00; 6524.00; 1467299811.43
8384.00; 5454.00; 4979.00; 6524.00; 1467299811.45
8384.00; 5454.00; 4979.00; 6524.00; 1467299811.45
8384.00; 5450.00; 4976.00; 6525.00; 1467299811.47
8384.00; 5450.00; 4976.00; 6525.00; 1467299811.47
8389.00; 5450.00; 4975.00; 6528.00; 1467299811.49
8390.00; 5454.00; 4972.00; 6525.00; 1467299811.49
8390.00; 5454.00; 4972.00; 6525.00; 1467299811.51
8387.00; 5453.00; 4975.00; 6519.00; 1467299811.51
8389.00; 5448.00; 4976.00; 6525.00; 1467299811.53
8389.00; 5448.00; 4976.00; 6525.00; 1467299811.54
8385.00; 5445.00; 4971.00; 6523.00; 1467299811.54
8385.00; 5445.00; 4971.00; 6523.00; 1467299811.56
8387.00; 5447.00; 4984.00; 6528.00; 1467299811.57
8387.00; 5446.00; 4973.00; 6529.00; 1467299811.57
8387.00; 5446.00; 4973.00; 6529.00; 1467299811.59
8386.00; 5450.00; 4972.00; 6532.00; 1467299811.59
8390.00; 5445.00; 4977.00; 6521.00; 1467299811.61
8390.00; 5445.00; 4977.00; 6521.00; 1467299811.62
8389.00; 5450.00; 4973.00; 6524.00; 1467299811.63
8389.00; 5450.00; 4973.00; 6524.00; 1467299811.64
8386.00; 5449.00; 4973.00; 6526.00; 1467299811.65
8389.00; 5452.00; 4979.00; 6528.00; 1467299811.66
8389.00; 5452.00; 4979.00; 6528.00; 1467299811.67
8388.00; 5457.00; 4971.00; 6521.00; 1467299811.68
8388.00; 5445.00; 4974.00; 6524.00; 1467299811.69
8388.00; 5445.00; 4974.00; 6524.00; 1467299811.70
8393.00; 5448.00; 4974.00; 6528.00; 1467299811.71
8387.00; 5450.00; 4973.00; 6520.00; 1467299811.72
8387.00; 5450.00; 4973.00; 6520.00; 1467299811.73
8389.00; 5454.00; 4971.00; 6524.00; 1467299811.74
8389.00; 5454.00; 4971.00; 6524.00; 1467299811.75
8392.00; 5451.00; 4976.00; 6521.00; 1467299811.76
8391.00; 5455.00; 4981.00; 6526.00; 1467299811.77
8391.00; 5455.00; 4981.00; 6526.00; 1467299811.78
8387.00; 5448.00; 4972.00; 6524.00; 1467299811.81
8382.00; 5452.00; 4977.00; 6530.00; 1467299811.81
8386.00; 5456.00; 4979.00; 6530.00; 1467299811.83
8386.00; 5456.00; 4979.00; 6530.00; 1467299811.83
8388.00; 5450.00; 4972.00; 6520.00; 1467299811.85
8384.00; 5452.00; 4976.00; 6526.00; 1467299811.85
8384.00; 5452.00; 4976.00; 6526.00; 1467299811.87
8391.00; 5458.00; 4970.00; 6513.00; 1467299811.87
8395.00; 5451.00; 4977.00; 6525.00; 1467299811.89
8395.00; 5451.00; 4977.00; 6525.00; 1467299811.89
8388.00; 5450.00; 4978.00; 6525.00; 1467299811.91
8388.00; 5450.00; 4971.00; 6525.00; 1467299811.91
8383.00; 5451.00; 4971.00; 6526.00; 1467299811.93
8389.00; 5451.00; 4971.00; 6521.00; 1467299811.93
8389.00; 5451.00; 4971.00; 6521.00; 1467299811.95
8394.00; 5452.00; 4975.00; 6528.00; 1467299811.95
8383.00; 5455.00; 4978.00; 6527.00; 1467299811.96
8383.00; 5455.00; 4978.00; 6527.00; 1467299811.98
8385.00; 5450.00; 4972.00; 6525.00; 1467299811.98
8387.00; 5453.00; 4974.00; 6524.00; 1467299812.00
8387.00; 5453.00; 4974.00; 6524.00; 1467299812.00
8384.00; 5453.00; 4978.00; 6525.00; 1467299812.02
8384.00; 5453.00; 4978.00; 6525.00; 1467299812.02
8385.00; 5454.00; 4976.00; 6525.00; 1467299812.04
8386.00; 5454.00; 4976.00; 6524.00; 1467299812.04
8386.00; 5454.00; 4976.00; 6524.00; 1467299812.06
8389.00; 5454.00; 4973.00; 6528.00; 1467299812.06
8387.00; 5450.00; 4977.00; 6529.00; 1467299812.08
8387.00; 5450.00; 4977.00; 6529.00; 1467299812.08
8384.00; 5453.00; 4980.00; 6527.00; 1467299812.10
8384.00; 5453.00; 4980.00; 6527.00; 1467299812.10
8391.00; 5446.00; 4967.00; 6524.00; 1467299812.12
8389.00; 5455.00; 4970.00; 6530.00; 1467299812.12
8389.00; 5455.00; 4970.00; 6530.00; 1467299812.14
8386.00; 5454.00; 4977.00; 6522.00; 1467299812.14
8386.00; 5454.00; 4977.00; 6522.00; 1467299812.16
8389.00; 5452.00; 4974.00; 6523.00; 1467299812.16
8387.00; 5449.00; 4973.00; 6530.00; 1467299812.18
8387.00; 5449.00; 4973.00; 6530.00; 1467299812.18
8382.00; 5451.00; 4977.00; 6523.00; 1467299812.20
8391.00; 5451.00; 4974.00; 6522.00; 1467299812.20
8391.00; 5451.00; 4974.00; 6522.00; 1467299812.22
8386.00; 5450.00; 4978.00; 6525.00; 1467299812.22
8386.00; 5450.00; 4978.00; 6525.00; 1467299812.24
8390.00; 5453.00; 4978.00; 6526.00; 1467299812.24
8386.00; 5448.00; 4976.00; 6527.00; 1467299812.26
8386.00; 5448.00; 4976.00; 6527.00; 1467299812.26
8389.00; 5453.00; 4971.00; 6521.00; 1467299812.28
8388.00; 5450.00; 4975.00; 6527.00; 1467299812.28
8388.00; 5450.00; 4975.00; 6527.00; 1467299812.30
8386.00; 5452.00; 4978.00; 6524.00; 1467299812.30
8386.00; 5452.00; 4978.00; 6524.00; 1467299812.32
8390.00; 5454.00; 4975.00; 6522.00; 1467299812.32
8384.00; 5450.00; 4976.00; 6529.00; 1467299812.34
8384.00; 5450.00; 4976.00; 6529.00; 1467299812.34
8392.00; 5456.00; 4978.00; 6523.00; 1467299812.36
8387.00; 5452.00; 4974.00; 6528.00; 1467299812.37
8387.00; 5452.00; 4974.00; 6528.00; 1467299812.38
8389.00; 5454.00; 4976.00; 6525.00; 1467299812.39
8389.00; 5454.00; 4976.00; 6525.00; 1467299812.40
8387.00; 5458.00; 4977.00; 6523.00; 1467299812.41
8387.00; 5456.00; 4976.00; 6523.00; 1467299812.42
8387.00; 5456.00; 4976.00; 6523.00; 1467299812.43
8385.00; 5453.00; 4977.00; 6524.00; 1467299812.44
8384.00; 5450.00; 4977.00; 6525.00; 1467299812.45
8384.00; 5450.00; 4977.00; 6525.00; 1467299812.46
8391.00; 5449.00; 4969.00; 6524.00; 1467299812.47
8386.00; 5449.00; 4978.00; 6527.00; 1467299812.48
8386.00; 5449.00; 4978.00; 6527.00; 1467299812.49
8385.00; 5456.00; 4978.00; 6523.00; 1467299812.50
8385.00; 5456.00; 4978.00; 6523.00; 1467299812.51
8390.00; 5451.00; 4975.00; 6523.00; 1467299812.53
8390.00; 5448.00; 4977.00; 6527.00; 1467299812.53
8390.00; 5448.00; 4977.00; 6527.00; 1467299812.55
8390.00; 5449.00; 4973.00; 6526.00; 1467299812.55
8392.00; 5451.00; 4973.00; 6524.00; 1467299812.57
8392.00; 5451.00; 4973.00; 6524.00; 1467299812.57
8384.00; 5447.00; 4975.00; 6524.00; 1467299812.59
8391.00; 5450.00; 4970.00; 6524.00; 1467299812.59
8391.00; 5450.00; 4970.00; 6524.00; 1467299812.61
8391.00; 5456.00; 4977.00; 6523.00; 1467299812.61
8391.00; 5456.00; 4977.00; 6523.00; 1467299812.63
8391.00; 5449.00; 4980.00; 6529.00; 1467299812.63
8381.00; 5445.00; 4977.00; 6531.00; 1467299812.65
8381.00; 5445.00; 4977.00; 6531.00; 1467299812.65
8391.00; 5451.00; 4983.00; 6525.00; 1467299812.67
8391.00; 5451.00; 4983.00; 6525.00; 1467299812.67
8384.00; 5451.00; 4974.00; 6523.00; 1467299812.69
8383.00; 5456.00; 4972.00; 6524.00; 1467299812.69
8383.00; 5456.00; 4972.00; 6524.00; 1467299812.71
8389.00; 5459.00; 4976.00; 6527.00; 1467299812.71
8389.00; 5453.00; 4973.00; 6524.00; 1467299812.73
8389.00; 5453.00; 4973.00; 6524.00; 1467299812.73
8389.00; 5453.00; 4975.00; 6525.00; 1467299812.75
8389.00; 5453.00; 4975.00; 6525.00; 1467299812.75
8385.00; 5457.00; 4978.00; 6523.00; 1467299812.77
8392.00; 5454.00; 4974.00; 6532.00; 1467299812.77
8392.00; 5454.00; 4974.00; 6532.00; 1467299812.79
8390.00; 5452.00; 4976.00; 6522.00; 1467299812.79
8389.00; 5454.00; 4980.00; 6526.00; 1467299812.81
8389.00; 5454.00; 4980.00; 6526.00; 1467299812.81
8385.00; 5454.00; 4974.00; 6525.00; 1467299812.83
8385.00; 5454.00; 4974.00; 6525.00; 1467299812.83
8390.00; 5449.00; 4972.00; 6521.00; 1467299812.85
8388.00; 5451.00; 4977.00; 6525.00; 1467299812.85
8388.00; 5451.00; 4977.00; 6525.00; 1467299812.87
8392.00; 5448.00; 4973.00; 6522.00; 1467299812.87
8387.00; 5450.00; 4973.00; 6523.00; 1467299812.89
8387.00; 5450.00; 4973.00; 6523.00; 1467299812.89
8396.00; 5448.00; 4975.00; 6521.00; 1467299812.91
8396.00; 5448.00; 4975.00; 6521.00; 1467299812.91
8387.00; 5452.00; 4972.00; 6527.00; 1467299812.93
8385.00; 5455.00; 4980.00; 6525.00; 1467299812.93
8385.00; 5455.00; 4980.00; 6525.00; 1467299812.95
8385.00; 5455.00; 4973.00; 6520.00; 1467299812.95
8388.00; 5450.00; 4976.00; 6529.00; 1467299812.97
8388.00; 5450.00; 4976.00; 6529.00; 1467299812.97
8386.00; 5456.00; 4973.00; 6528.00; 1467299812.99
8386.00; 5456.00; 4973.00; 6528.00; 1467299812.99
8386.00; 5451.00; 4976.00; 6527.00; 1467299813.01
8384.00; 5447.00; 4979.00; 6526.00; 1467299813.01
8384.00; 5447.00; 4979.00; 6526.00; 1467299813.03
8383.00; 5458.00; 4976.00; 6528.00; 1467299813.03
8385.00; 5453.00; 4981.00; 6527.00; 1467299813.05
8385.00; 5453.00; 4981.00; 6527.00; 1467299813.05
8388.00; 5450.00; 4974.00; 6526.00; 1467299813.07
8388.00; 5450.00; 4974.00; 6526.00; 1467299813.09
8390.00; 5447.00; 4975.00; 6522.00; 1467299813.09
8388.00; 5451.00; 4970.00; 6524.00; 1467299813.09
8388.00; 5451.00; 4970.00; 6524.00; 1467299813.11
8387.00; 5448.00; 4972.00; 6531.00; 1467299813.11
8383.00; 5451.00; 4978.00; 6528.00; 1467299813.13
8383.00; 5451.00; 4978.00; 6528.00; 1467299813.13
8387.00; 5452.00; 4976.00; 6525.00; 1467299813.15
8387.00; 5452.00; 4976.00; 6525.00; 1467299813.15
8383.00; 5454.00; 4974.00; 6522.00; 1467299813.17
8387.00; 5455.00; 4971.00; 6521.00; 1467299813.17
8387.00; 5455.00; 4971.00; 6521.00; 1467299813.19
8384.00; 5456.00; 4972.00; 6521.00; 1467299813.19
8389.00; 5449.00; 4979.00; 6526.00; 1467299813.21
8389.00; 5449.00; 4979.00; 6526.00; 1467299813.21
8390.00; 5448.00; 4970.00; 6525.00; 1467299813.23
8390.00; 5448.00; 4970.00; 6525.00; 1467299813.23
8387.00; 5455.00; 4974.00; 6522.00; 1467299813.25
8389.00; 5455.00; 4976.00; 6526.00; 1467299813.26
8389.00; 5455.00; 4976.00; 6526.00; 1467299813.27
8389.00; 5453.00; 4975.00; 6531.00; 1467299813.28
8387.00; 5449.00; 4977.00; 6523.00; 1467299813.29
8387.00; 5449.00; 4977.00; 6523.00; 1467299813.30
8383.00; 5456.00; 4976.00; 6522.00; 1467299813.31
8383.00; 5456.00; 4976.00; 6522.00; 1467299813.32
8384.00; 5451.00; 4970.00; 6530.00; 1467299813.33
8383.00; 5456.00; 4981.00; 6528.00; 1467299813.34
8383.00; 5456.00; 4981.00; 6528.00; 1467299813.35
8390.00; 5455.00; 4973.00; 6521.00; 1467299813.36
8386.00; 5455.00; 4975.00; 6525.00; 1467299813.38
8386.00; 5455.00; 4975.00; 6525.00; 1467299813.38
8393.00; 5450.00; 4971.00; 6528.00; 1467299813.40
8393.00; 5450.00; 4971.00; 6528.00; 1467299813.40
8379.00; 5454.00; 4973.00; 6520.00; 1467299813.42
8390.00; 5452.00; 4973.00; 6523.00; 1467299813.42
8390.00; 5452.00; 4973.00; 6523.00; 1467299813.44
8390.00; 5456.00; 4976.00; 6525.00; 1467299813.44
8389.00; 5453.00; 4975.00; 6523.00; 1467299813.46
8389.00; 5453.00; 4975.00; 6523.00; 1467299813.46
8386.00; 5454.00; 4976.00; 6527.00; 1467299813.48
8389.00; 5450.00; 4976.00; 6521.00; 1467299813.48
8389.00; 5450.00; 4976.00; 6521.00; 1467299813.50
8382.00; 5451.00; 4979.00; 6523.00; 1467299813.50
8382.00; 5451.00; 4979.00; 6523.00; 1467299813.52
8393.00; 5455.00; 4975.00; 6527.00; 1467299813.52
8386.00; 5454.00; 4976.00; 6527.00; 1467299813.54
8386.00; 5454.00; 4976.00; 6527.00; 1467299813.54
8386.00; 5448.00; 4975.00; 6525.00; 1467299813.56
8387.00; 5452.00; 4971.00; 6521.00; 1467299813.56
8387.00; 5452.00; 4971.00; 6521.00; 1467299813.58
8385.00; 5453.00; 4977.00; 6520.00; 1467299813.58
8385.00; 5453.00; 4977.00; 6520.00; 1467299813.60
8390.00; 5449.00; 4979.00; 6531.00; 1467299813.60
8384.00; 5450.00; 4977.00; 6524.00; 1467299813.62
8384.00; 5450.00; 4977.00; 6524.00; 1467299813.62
8385.00; 5450.00; 4975.00; 6525.00; 1467299813.64
8386.00; 5450.00; 4975.00; 6525.00; 1467299813.64
8386.00; 5450.00; 4975.00; 6525.00; 1467299813.66
8388.00; 5454.00; 4978.00; 6520.00; 1467299813.66
8388.00; 5454.00; 4978.00; 6520.00; 1467299813.68
8390.00; 5447.00; 4977.00; 6526.00; 1467299813.68
8388.00; 5454.00; 4976.00; 6527.00; 1467299813.70
8388.00; 5454.00; 4976.00; 6527.00; 1467299813.70
8383.00; 5446.00; 4973.00; 6519.00; 1467299813.72
8387.00; 5448.00; 4974.00; 6524.00; 1467299813.72
8387.00; 5448.00; 4974.00; 6524.00; 1467299813.74
8388.00; 5454.00; 4975.00; 6519.00; 1467299813.74
8388.00; 5454.00; 4975.00; 6519.00; 1467299813.76
8382.00; 5451.00; 4979.00; 6526.00; 1467299813.76
8382.00; 5449.00; 4980.00; 6528.00; 1467299813.78
8382.00; 5449.00; 4980.00; 6528.00; 1467299813.78
8384.00; 5448.00; 4974.00; 6527.00; 1467299813.80
8387.00; 5450.00; 4976.00; 6523.00; 1467299813.80
8387.00; 5450.00; 4976.00; 6523.00; 1467299813.82
8386.00; 5449.00; 4977.00; 6529.00; 1467299813.82
8388.00; 5450.00; 4977.00; 6521.00; 1467299813.84
8388.00; 5450.00; 4977.00; 6521.00; 1467299813.85
8389.00; 5447.00; 4977.00; 6525.00; 1467299813.86
8389.00; 5447.00; 4977.00; 6525.00; 1467299813.87
8389.00; 5454.00; 4976.00; 6522.00; 1467299813.88
8388.00; 5453.00; 4974.00; 6523.00; 1467299813.89
8388.00; 5453.00; 4974.00; 6523.00; 1467299813.90
8394.00; 5447.00; 4970.00; 6524.00; 1467299813.91
8384.00; 5455.00; 4975.00; 6527.00; 1467299813.92
8384.00; 5455.00; 4975.00; 6527.00; 1467299813.93
8386.00; 5452.00; 4970.00; 6521.00; 1467299813.94
8391.00; 5452.00; 4979.00; 6529.00; 1467299813.95
8391.00; 5450.00; 4979.00; 6529.00; 1467299813.97
8391.00; 5451.00; 4968.00; 6526.00; 1467299813.97
8391.00; 5451.00; 4968.00; 6526.00; 1467299813.99
8382.00; 5454.00; 4976.00; 6529.00; 1467299813.99
8389.00; 5453.00; 4975.00; 6527.00; 1467299814.01
8389.00; 5453.00; 4975.00; 6527.00; 1467299814.01
8378.00; 5447.00; 4969.00; 6528.00; 1467299814.03
8387.00; 5447.00; 4972.00; 6528.00; 1467299814.03
8387.00; 5447.00; 4972.00; 6528.00; 1467299814.05
8387.00; 5455.00; 4977.00; 6521.00; 1467299814.05
8387.00; 5455.00; 4977.00; 6521.00; 1467299814.07
8393.00; 5454.00; 4974.00; 6523.00; 1467299814.07
8386.00; 5446.00; 4981.00; 6526.00; 1467299814.09
8386.00; 5446.00; 4981.00; 6526.00; 1467299814.09
8389.00; 5453.00; 4975.00; 6527.00; 1467299814.11
8395.00; 5457.00; 4980.00; 6522.00; 1467299814.11
8395.00; 5457.00; 4980.00; 6522.00; 1467299814.13
8393.00; 5457.00; 4974.00; 6526.00; 1467299814.13
8393.00; 5457.00; 4974.00; 6526.00; 1467299814.15
8396.00; 5454.00; 4979.00; 6527.00; 1467299814.15
8386.00; 5453.00; 4974.00; 6524.00; 1467299814.17
8386.00; 5453.00; 4974.00; 6524.00; 1467299814.17
8385.00; 5452.00; 4973.00; 6519.00; 1467299814.19
8381.00; 5448.00; 4980.00; 6524.00; 1467299814.19
8381.00; 5448.00; 4980.00; 6524.00; 1467299814.21
8386.00; 5457.00; 4975.00; 6528.00; 1467299814.21
8386.00; 5457.00; 4975.00; 6528.00; 1467299814.23
8390.00; 5451.00; 4972.00; 6526.00; 1467299814.23
8385.00; 5456.00; 4980.00; 6528.00; 1467299814.25
8385.00; 5456.00; 4980.00; 6528.00; 1467299814.25
8385.00; 5452.00; 4976.00; 6531.00; 1467299814.27
8385.00; 5449.00; 4975.00; 6525.00; 1467299814.27
8385.00; 5449.00; 4975.00; 6525.00; 1467299814.29
8384.00; 5455.00; 4973.00; 6527.00; 1467299814.29
8384.00; 5455.00; 4973.00; 6527.00; 1467299814.31
8385.00; 5456.00; 4986.00; 6525.00; 1467299814.31
8388.00; 5449.00; 4976.00; 6525.00; 1467299814.33
8388.00; 5449.00; 4976.00; 6525.00; 1467299814.33
8384.00; 5452.00; 4976.00; 6524.00; 1467299814.35
8387.00; 5457.00; 4979.00; 6523.00; 1467299814.37
8387.00; 5457.00; 4979.00; 6523.00; 1467299814.37
8389.00; 5445.00; 4976.00; 6524.00; 1467299814.37
8389.00; 5445.00; 4976.00; 6524.00; 1467299814.39
8389.00; 5454.00; 4974.00; 6522.00; 1467299814.39
8387.00; 5448.00; 4975.00; 6522.00; 1467299814.41
8387.00; 5448.00; 4975.00; 6522.00; 1467299814.42
8389.00; 5455.00; 4969.00; 6525.00; 1467299814.43
8384.00; 5459.00; 4976.00; 6531.00; 1467299814.44
8384.00; 5459.00; 4976.00; 6531.00; 1467299814.45
8385.00; 5448.00; 4974.00; 6532.00; 1467299814.45
8385.00; 5448.00; 4974.00; 6532.00; 1467299814.47
8389.00; 5452.00; 4975.00; 6522.00; 1467299814.48
8387.00; 5446.00; 4976.00; 6526.00; 1467299814.49
8387.00; 5446.00; 4976.00; 6526.00; 1467299814.50
8387.00; 5458.00; 4973.00; 6526.00; 1467299814.51
8387.00; 5454.00; 4975.00; 6529.00; 1467299814.52
8387.00; 5454.00; 4975.00; 6529.00; 1467299814.53
8389.00; 5454.00; 4976.00; 6523.00; 1467299814.54
8383.00; 5454.00; 4975.00; 6529.00; 1467299814.55
8383.00; 5454.00; 4975.00; 6529.00; 1467299814.56
8389.00; 5448.00; 4977.00; 6530.00; 1467299814.57
8389.00; 5448.00; 4977.00; 6530.00; 1467299814.58
8387.00; 5453.00; 4974.00; 6521.00; 1467299814.59
8391.00; 5452.00; 4973.00; 6523.00; 1467299814.60
8391.00; 5452.00; 4973.00; 6523.00; 1467299814.62
8386.00; 5452.00; 4972.00; 6525.00; 1467299814.62
8390.00; 5451.00; 4975.00; 6523.00; 1467299814.64
8390.00; 5451.00; 4975.00; 6523.00; 1467299814.64
8388.00; 5449.00; 4978.00; 6529.00; 1467299814.66
8388.00; 5449.00; 4978.00; 6529.00; 1467299814.66
8386.00; 5450.00; 4981.00; 6530.00; 1467299814.68
8384.00; 5457.00; 4975.00; 6526.00; 1467299814.68
8384.00; 5457.00; 4975.00; 6526.00; 1467299814.70
8384.00; 5449.00; 4980.00; 6526.00; 1467299814.70
8390.00; 5448.00; 4978.00; 6526.00; 1467299814.72
8390.00; 5448.00; 4978.00; 6526.00; 1467299814.72
8386.00; 5448.00; 4971.00; 6528.00; 1467299814.74
8385.00; 5450.00; 4972.00; 6520.00; 1467299814.74
8385.00; 5450.00; 4972.00; 6520.00; 1467299814.76
8384.00; 5454.00; 4973.00; 6525.00; 1467299814.76
8384.00; 5454.00; 4973.00; 6525.00; 1467299814.78
8393.00; 5453.00; 4977.00; 6527.00; 1467299814.78
8388.00; 5454.00; 4972.00; 6523.00; 1467299814.80
8388.00; 5454.00; 4972.00; 6523.00; 1467299814.80
8386.00; 5449.00; 4974.00; 6526.00; 1467299814.82
8386.00; 5449.00; 4970.00; 6526.00; 1467299814.82
8386.00; 5450.00; 4970.00; 6518.00; 1467299814.84
8389.00; 5452.00; 4974.00; 6526.00; 1467299814.84
8389.00; 5452.00; 4974.00; 6526.00; 1467299814.86
8390.00; 5452.00; 4972.00; 6523.00; 1467299814.86
8385.00; 5452.00; 4970.00; 6526.00; 1467299814.88
8385.00; 5452.00; 4970.00; 6526.00; 1467299814.88
8385.00; 5455.00; 4973.00; 6522.00; 1467299814.90
8385.00; 5455.00; 4973.00; 6522.00; 1467299814.90
8386.00; 5449.00; 4971.00; 6527.00; 1467299814.92
8387.00; 5450.00; 4978.00; 6524.00; 1467299814.92
8387.00; 5450.00; 4978.00; 6524.00; 1467299814.94
8395.00; 5447.00; 4971.00; 6518.00; 1467299814.94
8384.00; 5452.00; 4976.00; 6526.00; 1467299814.96
8384.00; 5452.00; 4976.00; 6526.00; 1467299814.96
8390.00; 5452.00; 4971.00; 6528.00; 1467299814.98
8390.00; 5452.00; 4971.00; 6528.00; 1467299814.98
8391.00; 5456.00; 4975.00; 6523.00; 1467299815.00
8395.00; 5447.00; 4970.00; 6530.00; 1467299815.00
8395.00; 5447.00; 4970.00; 6530.00; 1467299815.02
8390.00; 5451.00; 4975.00; 6525.00; 1467299815.02
8390.00; 5447.00; 4975.00; 6525.00; 1467299815.04
8390.00; 5447.00; 4975.00; 6525.00; 1467299815.04
