TL, TR, BL, BR, time 
8386.00; 5448.00; 4973.00; 6520.00; 1467299716.79
8386.00; 5448.00; 4973.00; 6520.00; 1467299716.79
8385.00; 5445.00; 4975.00; 6526.00; 1467299716.79
8388.00; 5448.00; 4974.00; 6523.00; 1467299716.79
8388.00; 5448.00; 4974.00; 6523.00; 1467299716.80
8385.00; 5454.00; 4972.00; 6524.00; 1467299716.80
8385.00; 5454.00; 4972.00; 6524.00; 1467299716.80
8390.00; 5451.00; 4973.00; 6522.00; 1467299716.80
8385.00; 5449.00; 4968.00; 6522.00; 1467299716.80
8385.00; 5449.00; 4968.00; 6522.00; 1467299716.80
8381.00; 5449.00; 4970.00; 6524.00; 1467299716.80
8381.00; 5445.00; 4970.00; 6530.00; 1467299716.80
8381.00; 5445.00; 4970.00; 6530.00; 1467299716.80
8384.00; 5456.00; 4976.00; 6526.00; 1467299716.80
8384.00; 5456.00; 4976.00; 6526.00; 1467299716.80
8388.00; 5453.00; 4982.00; 6518.00; 1467299716.80
8387.00; 5450.00; 4973.00; 6527.00; 1467299716.80
8387.00; 5450.00; 4973.00; 6527.00; 1467299716.80
8387.00; 5458.00; 4973.00; 6527.00; 1467299716.80
8387.00; 5455.00; 4978.00; 6528.00; 1467299716.80
8387.00; 5455.00; 4978.00; 6528.00; 1467299716.80
8391.00; 5457.00; 4974.00; 6525.00; 1467299716.80
8391.00; 5457.00; 4974.00; 6525.00; 1467299716.80
8387.00; 5451.00; 4976.00; 6521.00; 1467299716.80
8386.00; 5454.00; 4971.00; 6526.00; 1467299716.80
8386.00; 5454.00; 4971.00; 6526.00; 1467299716.80
8380.00; 5449.00; 4967.00; 6520.00; 1467299716.80
8384.00; 5455.00; 4971.00; 6525.00; 1467299716.80
8384.00; 5455.00; 4971.00; 6525.00; 1467299716.80
8383.00; 5454.00; 4973.00; 6525.00; 1467299716.80
8384.00; 5449.00; 4971.00; 6523.00; 1467299716.80
8384.00; 5449.00; 4971.00; 6523.00; 1467299716.80
8383.00; 5451.00; 4976.00; 6525.00; 1467299716.80
8383.00; 5451.00; 4976.00; 6525.00; 1467299716.80
8383.00; 5454.00; 4977.00; 6526.00; 1467299716.80
8384.00; 5453.00; 4973.00; 6527.00; 1467299716.80
8384.00; 5453.00; 4973.00; 6527.00; 1467299716.80
8385.00; 5450.00; 4968.00; 6518.00; 1467299716.80
8387.00; 5449.00; 4971.00; 6525.00; 1467299716.80
8387.00; 5449.00; 4971.00; 6525.00; 1467299716.80
8387.00; 5452.00; 4979.00; 6524.00; 1467299716.80
8387.00; 5452.00; 4979.00; 6524.00; 1467299716.80
8384.00; 5449.00; 4976.00; 6521.00; 1467299716.80
8383.00; 5452.00; 4975.00; 6524.00; 1467299716.80
8383.00; 5452.00; 4975.00; 6524.00; 1467299716.80
8386.00; 5452.00; 4967.00; 6526.00; 1467299716.80
8384.00; 5447.00; 4967.00; 6530.00; 1467299716.80
8384.00; 5447.00; 4967.00; 6530.00; 1467299716.80
8385.00; 5451.00; 4975.00; 6527.00; 1467299716.80
8385.00; 5451.00; 4975.00; 6527.00; 1467299716.80
8384.00; 5454.00; 4975.00; 6529.00; 1467299716.80
8386.00; 5450.00; 4974.00; 6526.00; 1467299716.80
8386.00; 5450.00; 4974.00; 6526.00; 1467299716.80
8391.00; 5453.00; 4976.00; 6524.00; 1467299716.80
8382.00; 5453.00; 4974.00; 6524.00; 1467299716.80
8382.00; 5445.00; 4974.00; 6519.00; 1467299716.80
8386.00; 5451.00; 4973.00; 6523.00; 1467299716.80
8386.00; 5451.00; 4973.00; 6523.00; 1467299716.80
8387.00; 5452.00; 4974.00; 6518.00; 1467299716.80
8389.00; 5448.00; 4969.00; 6524.00; 1467299716.80
8389.00; 5448.00; 4969.00; 6524.00; 1467299716.80
8384.00; 5445.00; 4970.00; 6527.00; 1467299716.80
8390.00; 5447.00; 4975.00; 6526.00; 1467299716.80
8390.00; 5447.00; 4975.00; 6526.00; 1467299716.80
8387.00; 5449.00; 4970.00; 6523.00; 1467299716.80
8387.00; 5449.00; 4970.00; 6523.00; 1467299716.80
8388.00; 5451.00; 4970.00; 6529.00; 1467299716.80
8386.00; 5453.00; 4973.00; 6528.00; 1467299716.81
8386.00; 5453.00; 4973.00; 6528.00; 1467299716.82
8386.00; 5449.00; 4971.00; 6527.00; 1467299716.83
8383.00; 5446.00; 4977.00; 6524.00; 1467299716.84
8383.00; 5446.00; 4977.00; 6524.00; 1467299716.85
8385.00; 5450.00; 4974.00; 6525.00; 1467299716.86
8385.00; 5450.00; 4974.00; 6525.00; 1467299716.87
8384.00; 5452.00; 4971.00; 6528.00; 1467299716.89
8384.00; 5454.00; 4975.00; 6520.00; 1467299716.89
8384.00; 5454.00; 4975.00; 6520.00; 1467299716.91
8388.00; 5455.00; 4974.00; 6522.00; 1467299716.91
8377.00; 5449.00; 4969.00; 6524.00; 1467299716.93
8377.00; 5449.00; 4969.00; 6524.00; 1467299716.93
8385.00; 5446.00; 4976.00; 6522.00; 1467299716.95
8385.00; 5446.00; 4976.00; 6522.00; 1467299716.95
8386.00; 5449.00; 4971.00; 6524.00; 1467299716.97
8382.00; 5443.00; 4965.00; 6523.00; 1467299716.97
8382.00; 5443.00; 4965.00; 6523.00; 1467299716.99
8385.00; 5450.00; 4973.00; 6518.00; 1467299716.99
8383.00; 5448.00; 4971.00; 6525.00; 1467299717.01
8383.00; 5448.00; 4971.00; 6525.00; 1467299717.01
8387.00; 5448.00; 4980.00; 6521.00; 1467299717.03
8387.00; 5448.00; 4980.00; 6521.00; 1467299717.03
8387.00; 5450.00; 4973.00; 6518.00; 1467299717.05
8387.00; 5450.00; 4970.00; 6524.00; 1467299717.05
8387.00; 5450.00; 4970.00; 6524.00; 1467299717.07
8389.00; 5456.00; 4971.00; 6523.00; 1467299717.07
8390.00; 5451.00; 4971.00; 6531.00; 1467299717.09
8390.00; 5451.00; 4971.00; 6531.00; 1467299717.09
8389.00; 5448.00; 4971.00; 6529.00; 1467299717.11
8389.00; 5448.00; 4971.00; 6529.00; 1467299717.11
8392.00; 5450.00; 4977.00; 6528.00; 1467299717.13
8385.00; 5454.00; 4977.00; 6530.00; 1467299717.13
8385.00; 5454.00; 4977.00; 6530.00; 1467299717.15
8382.00; 5454.00; 4978.00; 6528.00; 1467299717.15
8393.00; 5444.00; 4968.00; 6526.00; 1467299717.17
8393.00; 5444.00; 4968.00; 6526.00; 1467299717.17
8384.00; 5443.00; 4972.00; 6525.00; 1467299717.19
8384.00; 5443.00; 4972.00; 6525.00; 1467299717.19
8385.00; 5449.00; 4977.00; 6521.00; 1467299717.21
8386.00; 5448.00; 4972.00; 6526.00; 1467299717.21
8386.00; 5448.00; 4972.00; 6526.00; 1467299717.23
8393.00; 5452.00; 4966.00; 6525.00; 1467299717.23
8384.00; 5452.00; 4977.00; 6526.00; 1467299717.25
8384.00; 5452.00; 4977.00; 6526.00; 1467299717.25
8381.00; 5445.00; 4968.00; 6516.00; 1467299717.27
8381.00; 5445.00; 4968.00; 6516.00; 1467299717.27
8383.00; 5449.00; 4974.00; 6520.00; 1467299717.29
8382.00; 5448.00; 4971.00; 6515.00; 1467299717.29
8382.00; 5448.00; 4971.00; 6515.00; 1467299717.31
8391.00; 5451.00; 4976.00; 6522.00; 1467299717.31
8381.00; 5454.00; 4978.00; 6529.00; 1467299717.33
8381.00; 5454.00; 4978.00; 6529.00; 1467299717.33
8390.00; 5454.00; 4976.00; 6525.00; 1467299717.35
8390.00; 5454.00; 4976.00; 6525.00; 1467299717.35
8390.00; 5451.00; 4973.00; 6526.00; 1467299717.37
8386.00; 5450.00; 4975.00; 6528.00; 1467299717.37
8386.00; 5450.00; 4975.00; 6528.00; 1467299717.39
8385.00; 5450.00; 4973.00; 6519.00; 1467299717.39
8385.00; 5452.00; 4974.00; 6520.00; 1467299717.41
8385.00; 5452.00; 4974.00; 6520.00; 1467299717.41
8393.00; 5449.00; 4973.00; 6525.00; 1467299717.43
8393.00; 5449.00; 4973.00; 6525.00; 1467299717.43
8381.00; 5441.00; 4974.00; 6524.00; 1467299717.45
8387.00; 5448.00; 4974.00; 6529.00; 1467299717.45
8387.00; 5448.00; 4974.00; 6529.00; 1467299717.47
8390.00; 5452.00; 4972.00; 6524.00; 1467299717.47
8385.00; 5450.00; 4972.00; 6518.00; 1467299717.49
8385.00; 5450.00; 4972.00; 6518.00; 1467299717.49
8389.00; 5452.00; 4975.00; 6526.00; 1467299717.51
8389.00; 5452.00; 4975.00; 6526.00; 1467299717.52
8384.00; 5443.00; 4980.00; 6525.00; 1467299717.53
8385.00; 5456.00; 4982.00; 6521.00; 1467299717.54
8385.00; 5456.00; 4982.00; 6521.00; 1467299717.55
8382.00; 5452.00; 4972.00; 6522.00; 1467299717.56
8386.00; 5445.00; 4975.00; 6526.00; 1467299717.57
8386.00; 5445.00; 4975.00; 6526.00; 1467299717.58
8383.00; 5453.00; 4967.00; 6529.00; 1467299717.59
8383.00; 5453.00; 4967.00; 6529.00; 1467299717.60
8383.00; 5451.00; 4974.00; 6524.00; 1467299717.61
8388.00; 5447.00; 4972.00; 6530.00; 1467299717.62
8388.00; 5447.00; 4972.00; 6530.00; 1467299717.63
8390.00; 5451.00; 4974.00; 6523.00; 1467299717.64
8390.00; 5451.00; 4974.00; 6523.00; 1467299717.65
8390.00; 5451.00; 4974.00; 6525.00; 1467299717.66
8380.00; 5454.00; 4973.00; 6527.00; 1467299717.67
8380.00; 5454.00; 4973.00; 6527.00; 1467299717.68
8387.00; 5453.00; 4981.00; 6525.00; 1467299717.69
8386.00; 5454.00; 4974.00; 6520.00; 1467299717.70
8386.00; 5454.00; 4974.00; 6520.00; 1467299717.71
8384.00; 5457.00; 4972.00; 6531.00; 1467299717.72
8384.00; 5457.00; 4972.00; 6531.00; 1467299717.73
8389.00; 5452.00; 4969.00; 6528.00; 1467299717.74
8387.00; 5451.00; 4974.00; 6522.00; 1467299717.75
8387.00; 5451.00; 4974.00; 6522.00; 1467299717.76
8389.00; 5454.00; 4977.00; 6521.00; 1467299717.77
8389.00; 5450.00; 4973.00; 6521.00; 1467299717.78
8389.00; 5450.00; 4973.00; 6521.00; 1467299717.79
8389.00; 5448.00; 4976.00; 6524.00; 1467299717.80
8389.00; 5448.00; 4976.00; 6524.00; 1467299717.81
8387.00; 5453.00; 4976.00; 6527.00; 1467299717.82
8388.00; 5449.00; 4976.00; 6520.00; 1467299717.83
8388.00; 5449.00; 4976.00; 6520.00; 1467299717.84
8382.00; 5449.00; 4972.00; 6527.00; 1467299717.85
8382.00; 5449.00; 4972.00; 6527.00; 1467299717.86
8381.00; 5451.00; 4977.00; 6526.00; 1467299717.87
8386.00; 5449.00; 4973.00; 6530.00; 1467299717.88
8386.00; 5449.00; 4973.00; 6530.00; 1467299717.89
8395.00; 5452.00; 4976.00; 6526.00; 1467299717.90
8382.00; 5449.00; 4974.00; 6525.00; 1467299717.91
8382.00; 5449.00; 4974.00; 6525.00; 1467299717.92
8387.00; 5452.00; 4969.00; 6524.00; 1467299717.93
8387.00; 5452.00; 4969.00; 6524.00; 1467299717.94
8386.00; 5448.00; 4975.00; 6526.00; 1467299717.95
8393.00; 5448.00; 4979.00; 6528.00; 1467299717.96
8393.00; 5448.00; 4979.00; 6528.00; 1467299717.97
8392.00; 5448.00; 4971.00; 6524.00; 1467299717.98
8386.00; 5454.00; 4979.00; 6527.00; 1467299717.99
8386.00; 5454.00; 4979.00; 6527.00; 1467299718.00
8391.00; 5449.00; 4972.00; 6528.00; 1467299718.01
8391.00; 5449.00; 4972.00; 6528.00; 1467299718.02
8387.00; 5453.00; 4980.00; 6524.00; 1467299718.03
8384.00; 5455.00; 4972.00; 6526.00; 1467299718.04
8384.00; 5455.00; 4972.00; 6526.00; 1467299718.05
8385.00; 5453.00; 4975.00; 6525.00; 1467299718.06
8386.00; 5451.00; 4972.00; 6523.00; 1467299718.07
8386.00; 5451.00; 4972.00; 6523.00; 1467299718.08
8387.00; 5449.00; 4974.00; 6526.00; 1467299718.10
8387.00; 5449.00; 4974.00; 6526.00; 1467299718.10
8384.00; 5447.00; 4972.00; 6523.00; 1467299718.12
8386.00; 5451.00; 4976.00; 6526.00; 1467299718.12
8386.00; 5451.00; 4976.00; 6526.00; 1467299718.13
8386.00; 5448.00; 4972.00; 6525.00; 1467299718.14
8386.00; 5448.00; 4972.00; 6525.00; 1467299718.15
8384.00; 5445.00; 4973.00; 6524.00; 1467299718.16
8386.00; 5449.00; 4975.00; 6524.00; 1467299718.17
8386.00; 5449.00; 4975.00; 6524.00; 1467299718.18
8386.00; 5445.00; 4977.00; 6521.00; 1467299718.19
8378.00; 5451.00; 4979.00; 6525.00; 1467299718.20
8378.00; 5451.00; 4979.00; 6525.00; 1467299718.21
8384.00; 5451.00; 4976.00; 6525.00; 1467299718.22
8384.00; 5451.00; 4976.00; 6525.00; 1467299718.23
8388.00; 5449.00; 4979.00; 6519.00; 1467299718.24
8385.00; 5456.00; 4976.00; 6525.00; 1467299718.25
8385.00; 5456.00; 4976.00; 6525.00; 1467299718.26
8386.00; 5446.00; 4975.00; 6526.00; 1467299718.27
8391.00; 5452.00; 4974.00; 6529.00; 1467299718.28
8391.00; 5452.00; 4974.00; 6529.00; 1467299718.29
8381.00; 5451.00; 4977.00; 6528.00; 1467299718.30
8381.00; 5451.00; 4977.00; 6528.00; 1467299718.31
8390.00; 5451.00; 4968.00; 6523.00; 1467299718.32
8385.00; 5449.00; 4967.00; 6525.00; 1467299718.33
8385.00; 5449.00; 4967.00; 6525.00; 1467299718.34
8385.00; 5440.00; 4975.00; 6523.00; 1467299718.36
8385.00; 5440.00; 4975.00; 6523.00; 1467299718.37
8391.00; 5447.00; 4978.00; 6528.00; 1467299718.37
8388.00; 5457.00; 4972.00; 6527.00; 1467299718.39
8388.00; 5457.00; 4972.00; 6527.00; 1467299718.39
8387.00; 5447.00; 4973.00; 6521.00; 1467299718.41
8389.00; 5454.00; 4977.00; 6518.00; 1467299718.41
8389.00; 5454.00; 4977.00; 6518.00; 1467299718.43
8392.00; 5450.00; 4974.00; 6522.00; 1467299718.43
8392.00; 5450.00; 4968.00; 6522.00; 1467299718.45
8389.00; 5457.00; 4968.00; 6526.00; 1467299718.45
8394.00; 5450.00; 4977.00; 6526.00; 1467299718.47
8394.00; 5450.00; 4977.00; 6526.00; 1467299718.47
8384.00; 5452.00; 4970.00; 6524.00; 1467299718.49
8388.00; 5458.00; 4976.00; 6527.00; 1467299718.49
8388.00; 5458.00; 4976.00; 6527.00; 1467299718.50
8386.00; 5454.00; 4973.00; 6527.00; 1467299718.52
8386.00; 5454.00; 4973.00; 6527.00; 1467299718.52
8390.00; 5456.00; 4978.00; 6523.00; 1467299718.54
8387.00; 5453.00; 4977.00; 6530.00; 1467299718.54
8387.00; 5453.00; 4977.00; 6530.00; 1467299718.56
8387.00; 5451.00; 4968.00; 6529.00; 1467299718.56
8388.00; 5450.00; 4978.00; 6524.00; 1467299718.58
8388.00; 5450.00; 4978.00; 6524.00; 1467299718.58
8382.00; 5451.00; 4973.00; 6525.00; 1467299718.60
8382.00; 5451.00; 4973.00; 6525.00; 1467299718.60
8390.00; 5452.00; 4974.00; 6529.00; 1467299718.62
8380.00; 5451.00; 4973.00; 6524.00; 1467299718.62
8380.00; 5451.00; 4973.00; 6524.00; 1467299718.64
8392.00; 5456.00; 4975.00; 6524.00; 1467299718.64
8395.00; 5455.00; 4974.00; 6524.00; 1467299718.66
8395.00; 5455.00; 4974.00; 6524.00; 1467299718.66
8390.00; 5453.00; 4974.00; 6527.00; 1467299718.68
8390.00; 5453.00; 4974.00; 6527.00; 1467299718.68
8383.00; 5447.00; 4975.00; 6522.00; 1467299718.70
8390.00; 5452.00; 4977.00; 6527.00; 1467299718.70
8390.00; 5452.00; 4977.00; 6527.00; 1467299718.72
8389.00; 5450.00; 4972.00; 6525.00; 1467299718.72
8387.00; 5455.00; 4975.00; 6521.00; 1467299718.74
8387.00; 5455.00; 4975.00; 6521.00; 1467299718.74
8391.00; 5446.00; 4976.00; 6526.00; 1467299718.76
8391.00; 5446.00; 4976.00; 6526.00; 1467299718.76
8386.00; 5454.00; 4977.00; 6524.00; 1467299718.78
8390.00; 5456.00; 4972.00; 6525.00; 1467299718.78
8390.00; 5456.00; 4972.00; 6525.00; 1467299718.80
8385.00; 5448.00; 4968.00; 6528.00; 1467299718.80
8385.00; 5448.00; 4968.00; 6528.00; 1467299718.82
8381.00; 5451.00; 4973.00; 6525.00; 1467299718.82
8385.00; 5446.00; 4972.00; 6524.00; 1467299718.84
8385.00; 5446.00; 4972.00; 6524.00; 1467299718.84
8389.00; 5452.00; 4976.00; 6524.00; 1467299718.86
8391.00; 5451.00; 4973.00; 6522.00; 1467299718.86
8391.00; 5451.00; 4973.00; 6522.00; 1467299718.88
8387.00; 5450.00; 4978.00; 6527.00; 1467299718.88
8387.00; 5450.00; 4978.00; 6527.00; 1467299718.90
8388.00; 5447.00; 4977.00; 6528.00; 1467299718.90
8390.00; 5451.00; 4971.00; 6528.00; 1467299718.92
8390.00; 5451.00; 4971.00; 6528.00; 1467299718.92
8390.00; 5449.00; 4977.00; 6527.00; 1467299718.94
8388.00; 5451.00; 4976.00; 6525.00; 1467299718.94
8388.00; 5451.00; 4976.00; 6525.00; 1467299718.96
8390.00; 5453.00; 4973.00; 6522.00; 1467299718.96
8390.00; 5453.00; 4973.00; 6522.00; 1467299718.98
8391.00; 5448.00; 4970.00; 6528.00; 1467299718.98
8387.00; 5453.00; 4974.00; 6526.00; 1467299719.00
8387.00; 5453.00; 4974.00; 6526.00; 1467299719.00
8390.00; 5449.00; 4971.00; 6525.00; 1467299719.02
8392.00; 5448.00; 4975.00; 6528.00; 1467299719.02
8392.00; 5448.00; 4975.00; 6528.00; 1467299719.04
8386.00; 5453.00; 4978.00; 6526.00; 1467299719.04
8386.00; 5453.00; 4978.00; 6526.00; 1467299719.06
8384.00; 5457.00; 4977.00; 6527.00; 1467299719.06
8388.00; 5457.00; 4969.00; 6531.00; 1467299719.08
8388.00; 5457.00; 4969.00; 6531.00; 1467299719.08
8388.00; 5454.00; 4974.00; 6518.00; 1467299719.10
8384.00; 5450.00; 4980.00; 6520.00; 1467299719.10
8384.00; 5450.00; 4980.00; 6520.00; 1467299719.12
8390.00; 5450.00; 4969.00; 6525.00; 1467299719.12
8390.00; 5450.00; 4969.00; 6525.00; 1467299719.14
8384.00; 5448.00; 4976.00; 6525.00; 1467299719.14
8386.00; 5450.00; 4973.00; 6523.00; 1467299719.16
8386.00; 5450.00; 4973.00; 6523.00; 1467299719.16
8391.00; 5450.00; 4977.00; 6522.00; 1467299719.18
8391.00; 5450.00; 4977.00; 6522.00; 1467299719.18
8391.00; 5450.00; 4979.00; 6526.00; 1467299719.20
8386.00; 5449.00; 4975.00; 6526.00; 1467299719.20
8386.00; 5449.00; 4975.00; 6526.00; 1467299719.22
8390.00; 5453.00; 4971.00; 6522.00; 1467299719.22
8389.00; 5451.00; 4971.00; 6526.00; 1467299719.24
8389.00; 5451.00; 4971.00; 6526.00; 1467299719.24
8386.00; 5442.00; 4969.00; 6526.00; 1467299719.26
8386.00; 5442.00; 4969.00; 6526.00; 1467299719.26
8392.00; 5456.00; 4974.00; 6521.00; 1467299719.28
8391.00; 5457.00; 4975.00; 6521.00; 1467299719.28
8391.00; 5457.00; 4975.00; 6521.00; 1467299719.30
8396.00; 5464.00; 4974.00; 6524.00; 1467299719.30
8395.00; 5457.00; 4976.00; 6527.00; 1467299719.32
8395.00; 5457.00; 4976.00; 6527.00; 1467299719.32
8387.00; 5447.00; 4973.00; 6523.00; 1467299719.34
8387.00; 5447.00; 4973.00; 6523.00; 1467299719.34
8388.00; 5451.00; 4973.00; 6523.00; 1467299719.36
8389.00; 5449.00; 4977.00; 6524.00; 1467299719.36
8389.00; 5449.00; 4977.00; 6524.00; 1467299719.38
8391.00; 5453.00; 4978.00; 6529.00; 1467299719.38
8391.00; 5453.00; 4978.00; 6529.00; 1467299719.40
8388.00; 5451.00; 4977.00; 6528.00; 1467299719.40
8392.00; 5447.00; 4975.00; 6523.00; 1467299719.42
8392.00; 5447.00; 4975.00; 6523.00; 1467299719.42
8390.00; 5452.00; 4973.00; 6522.00; 1467299719.44
8394.00; 5453.00; 4977.00; 6523.00; 1467299719.44
8394.00; 5453.00; 4977.00; 6523.00; 1467299719.46
8388.00; 5450.00; 4969.00; 6526.00; 1467299719.46
8388.00; 5450.00; 4969.00; 6526.00; 1467299719.48
8389.00; 5450.00; 4975.00; 6525.00; 1467299719.48
8391.00; 5451.00; 4974.00; 6527.00; 1467299719.50
8391.00; 5451.00; 4974.00; 6527.00; 1467299719.50
8388.00; 5449.00; 4976.00; 6522.00; 1467299719.52
8388.00; 5449.00; 4975.00; 6522.00; 1467299719.52
8388.00; 5453.00; 4975.00; 6523.00; 1467299719.54
8383.00; 5452.00; 4973.00; 6529.00; 1467299719.54
8383.00; 5452.00; 4973.00; 6529.00; 1467299719.56
8388.00; 5452.00; 4980.00; 6527.00; 1467299719.56
8388.00; 5454.00; 4981.00; 6524.00; 1467299719.58
8388.00; 5454.00; 4981.00; 6524.00; 1467299719.58
8386.00; 5446.00; 4970.00; 6527.00; 1467299719.60
8386.00; 5446.00; 4970.00; 6527.00; 1467299719.60
8385.00; 5451.00; 4977.00; 6523.00; 1467299719.62
8386.00; 5457.00; 4971.00; 6524.00; 1467299719.62
8386.00; 5457.00; 4971.00; 6524.00; 1467299719.64
8390.00; 5455.00; 4969.00; 6518.00; 1467299719.65
8387.00; 5455.00; 4975.00; 6529.00; 1467299719.65
8387.00; 5455.00; 4975.00; 6529.00; 1467299719.67
8388.00; 5450.00; 4970.00; 6528.00; 1467299719.67
8388.00; 5450.00; 4970.00; 6528.00; 1467299719.69
8384.00; 5450.00; 4978.00; 6525.00; 1467299719.69
8389.00; 5450.00; 4977.00; 6525.00; 1467299719.71
8389.00; 5450.00; 4977.00; 6525.00; 1467299719.71
8385.00; 5453.00; 4976.00; 6533.00; 1467299719.73
8392.00; 5447.00; 4973.00; 6528.00; 1467299719.74
8392.00; 5447.00; 4973.00; 6528.00; 1467299719.75
8382.00; 5450.00; 4971.00; 6530.00; 1467299719.76
8390.00; 5454.00; 4977.00; 6529.00; 1467299719.77
8390.00; 5454.00; 4977.00; 6529.00; 1467299719.78
8384.00; 5450.00; 4975.00; 6521.00; 1467299719.79
8384.00; 5450.00; 4975.00; 6521.00; 1467299719.80
8383.00; 5455.00; 4971.00; 6524.00; 1467299719.81
8389.00; 5449.00; 4967.00; 6522.00; 1467299719.82
8389.00; 5449.00; 4967.00; 6522.00; 1467299719.83
8385.00; 5453.00; 4971.00; 6520.00; 1467299719.84
8383.00; 5446.00; 4973.00; 6531.00; 1467299719.85
8383.00; 5446.00; 4973.00; 6531.00; 1467299719.86
8386.00; 5448.00; 4974.00; 6526.00; 1467299719.87
8386.00; 5448.00; 4974.00; 6526.00; 1467299719.88
8388.00; 5453.00; 4976.00; 6524.00; 1467299719.89
8385.00; 5454.00; 4969.00; 6525.00; 1467299719.90
8385.00; 5454.00; 4969.00; 6525.00; 1467299719.91
8385.00; 5452.00; 4975.00; 6522.00; 1467299719.92
8388.00; 5448.00; 4971.00; 6525.00; 1467299719.93
8388.00; 5448.00; 4971.00; 6525.00; 1467299719.94
8385.00; 5460.00; 4980.00; 6526.00; 1467299719.95
8385.00; 5460.00; 4980.00; 6526.00; 1467299719.96
8386.00; 5454.00; 4973.00; 6529.00; 1467299719.97
8385.00; 5451.00; 4975.00; 6527.00; 1467299719.99
8385.00; 5451.00; 4975.00; 6527.00; 1467299719.99
8390.00; 5450.00; 4968.00; 6521.00; 1467299720.00
8390.00; 5449.00; 4977.00; 6532.00; 1467299720.01
8390.00; 5449.00; 4977.00; 6532.00; 1467299720.02
8386.00; 5453.00; 4980.00; 6527.00; 1467299720.04
8386.00; 5453.00; 4980.00; 6527.00; 1467299720.04
8390.00; 5449.00; 4971.00; 6523.00; 1467299720.06
8385.00; 5450.00; 4977.00; 6526.00; 1467299720.06
8385.00; 5450.00; 4977.00; 6526.00; 1467299720.08
8383.00; 5453.00; 4963.00; 6525.00; 1467299720.08
8383.00; 5454.00; 4977.00; 6523.00; 1467299720.10
8383.00; 5454.00; 4977.00; 6523.00; 1467299720.10
8385.00; 5451.00; 4977.00; 6524.00; 1467299720.12
8385.00; 5451.00; 4977.00; 6524.00; 1467299720.12
8389.00; 5449.00; 4971.00; 6522.00; 1467299720.14
8392.00; 5453.00; 4979.00; 6527.00; 1467299720.14
8392.00; 5453.00; 4979.00; 6527.00; 1467299720.16
8391.00; 5452.00; 4974.00; 6526.00; 1467299720.16
8379.00; 5451.00; 4977.00; 6521.00; 1467299720.18
8379.00; 5451.00; 4977.00; 6521.00; 1467299720.18
8386.00; 5455.00; 4977.00; 6522.00; 1467299720.20
8386.00; 5455.00; 4977.00; 6522.00; 1467299720.20
8381.00; 5449.00; 4974.00; 6526.00; 1467299720.22
8385.00; 5454.00; 4977.00; 6524.00; 1467299720.22
8385.00; 5454.00; 4977.00; 6524.00; 1467299720.24
8389.00; 5449.00; 4977.00; 6522.00; 1467299720.24
8389.00; 5449.00; 4977.00; 6522.00; 1467299720.26
8381.00; 5455.00; 4974.00; 6528.00; 1467299720.26
8390.00; 5451.00; 4973.00; 6521.00; 1467299720.28
8390.00; 5451.00; 4973.00; 6521.00; 1467299720.28
8384.00; 5451.00; 4979.00; 6525.00; 1467299720.30
8381.00; 5447.00; 4973.00; 6519.00; 1467299720.30
8381.00; 5447.00; 4973.00; 6519.00; 1467299720.32
8385.00; 5449.00; 4976.00; 6524.00; 1467299720.32
8385.00; 5449.00; 4976.00; 6524.00; 1467299720.34
8389.00; 5453.00; 4976.00; 6529.00; 1467299720.34
8394.00; 5451.00; 4970.00; 6529.00; 1467299720.36
8394.00; 5451.00; 4970.00; 6529.00; 1467299720.36
8387.00; 5446.00; 4974.00; 6521.00; 1467299720.38
8386.00; 5453.00; 4970.00; 6528.00; 1467299720.38
8386.00; 5453.00; 4970.00; 6528.00; 1467299720.40
8387.00; 5449.00; 4980.00; 6525.00; 1467299720.40
8387.00; 5449.00; 4980.00; 6525.00; 1467299720.42
8389.00; 5450.00; 4977.00; 6520.00; 1467299720.42
8390.00; 5453.00; 4976.00; 6527.00; 1467299720.44
8390.00; 5453.00; 4976.00; 6527.00; 1467299720.44
8386.00; 5457.00; 4973.00; 6531.00; 1467299720.46
8386.00; 5457.00; 4973.00; 6531.00; 1467299720.46
8390.00; 5453.00; 4973.00; 6521.00; 1467299720.48
8383.00; 5453.00; 4975.00; 6522.00; 1467299720.48
8383.00; 5453.00; 4975.00; 6522.00; 1467299720.50
8389.00; 5455.00; 4974.00; 6527.00; 1467299720.50
8381.00; 5451.00; 4972.00; 6527.00; 1467299720.52
8381.00; 5451.00; 4972.00; 6527.00; 1467299720.52
8388.00; 5455.00; 4979.00; 6524.00; 1467299720.54
8388.00; 5455.00; 4979.00; 6524.00; 1467299720.54
8384.00; 5446.00; 4974.00; 6524.00; 1467299720.56
8381.00; 5447.00; 4976.00; 6523.00; 1467299720.56
8381.00; 5447.00; 4976.00; 6523.00; 1467299720.58
8389.00; 5452.00; 4974.00; 6522.00; 1467299720.58
8388.00; 5453.00; 4972.00; 6523.00; 1467299720.60
8388.00; 5453.00; 4972.00; 6523.00; 1467299720.60
8394.00; 5450.00; 4977.00; 6526.00; 1467299720.62
8394.00; 5450.00; 4977.00; 6526.00; 1467299720.62
8386.00; 5450.00; 4979.00; 6523.00; 1467299720.64
8386.00; 5456.00; 4977.00; 6521.00; 1467299720.64
8386.00; 5456.00; 4977.00; 6521.00; 1467299720.66
8384.00; 5450.00; 4973.00; 6527.00; 1467299720.66
8384.00; 5450.00; 4973.00; 6527.00; 1467299720.68
8390.00; 5452.00; 4975.00; 6522.00; 1467299720.68
8396.00; 5447.00; 4973.00; 6525.00; 1467299720.70
8396.00; 5447.00; 4973.00; 6525.00; 1467299720.70
8389.00; 5447.00; 4972.00; 6524.00; 1467299720.72
8388.00; 5453.00; 4980.00; 6523.00; 1467299720.72
8388.00; 5453.00; 4980.00; 6523.00; 1467299720.74
8384.00; 5455.00; 4975.00; 6529.00; 1467299720.74
8384.00; 5455.00; 4975.00; 6529.00; 1467299720.76
8382.00; 5454.00; 4976.00; 6525.00; 1467299720.76
Button pressed; 1467299720.78
8388.00; 5448.00; 4978.00; 6526.00; 1467299720.78
8388.00; 5448.00; 4978.00; 6526.00; 1467299720.78
8387.00; 5453.00; 4974.00; 6527.00; 1467299720.80
8387.00; 5453.00; 4974.00; 6527.00; 1467299720.80
8390.00; 5452.00; 4975.00; 6530.00; 1467299720.82
8391.00; 5458.00; 4973.00; 6526.00; 1467299720.82
8391.00; 5458.00; 4973.00; 6526.00; 1467299720.84
8388.00; 5456.00; 4969.00; 6529.00; 1467299720.84
8391.00; 5455.00; 4981.00; 6518.00; 1467299720.86
8391.00; 5455.00; 4981.00; 6518.00; 1467299720.86
8389.00; 5456.00; 4979.00; 6530.00; 1467299720.88
8389.00; 5456.00; 4979.00; 6530.00; 1467299720.88
8390.00; 5448.00; 4972.00; 6520.00; 1467299720.90
8391.00; 5454.00; 4976.00; 6528.00; 1467299720.90
8391.00; 5454.00; 4976.00; 6528.00; 1467299720.92
8388.00; 5454.00; 4971.00; 6519.00; 1467299720.93
8387.00; 5453.00; 4978.00; 6529.00; 1467299720.93
8387.00; 5453.00; 4978.00; 6529.00; 1467299720.95
8389.00; 5446.00; 4976.00; 6521.00; 1467299720.95
8389.00; 5446.00; 4976.00; 6521.00; 1467299720.97
8383.00; 5449.00; 4969.00; 6524.00; 1467299720.97
8383.00; 5455.00; 4978.00; 6530.00; 1467299720.99
8383.00; 5455.00; 4978.00; 6530.00; 1467299720.99
8392.00; 5453.00; 4972.00; 6521.00; 1467299721.01
8390.00; 5449.00; 4976.00; 6523.00; 1467299721.01
8390.00; 5449.00; 4976.00; 6523.00; 1467299721.03
8389.00; 5455.00; 4974.00; 6524.00; 1467299721.03
8389.00; 5455.00; 4974.00; 6524.00; 1467299721.05
8389.00; 5450.00; 4982.00; 6527.00; 1467299721.05
8387.00; 5450.00; 4973.00; 6530.00; 1467299721.07
8387.00; 5450.00; 4973.00; 6530.00; 1467299721.07
8390.00; 5451.00; 4971.00; 6526.00; 1467299721.09
8390.00; 5451.00; 4972.00; 6526.00; 1467299721.09
8388.00; 5454.00; 4972.00; 6521.00; 1467299721.11
8388.00; 5453.00; 4974.00; 6524.00; 1467299721.11
8388.00; 5453.00; 4974.00; 6524.00; 1467299721.13
8384.00; 5452.00; 4973.00; 6526.00; 1467299721.13
8381.00; 5449.00; 4977.00; 6525.00; 1467299721.15
8381.00; 5449.00; 4977.00; 6525.00; 1467299721.15
8387.00; 5452.00; 4974.00; 6530.00; 1467299721.17
8387.00; 5452.00; 4974.00; 6530.00; 1467299721.17
8387.00; 5455.00; 4975.00; 6526.00; 1467299721.19
8387.00; 5451.00; 4977.00; 6525.00; 1467299721.19
8387.00; 5451.00; 4977.00; 6525.00; 1467299721.21
8386.00; 5448.00; 4970.00; 6522.00; 1467299721.21
8390.00; 5453.00; 4977.00; 6522.00; 1467299721.23
8390.00; 5453.00; 4977.00; 6522.00; 1467299721.23
8389.00; 5449.00; 4975.00; 6523.00; 1467299721.25
8389.00; 5449.00; 4975.00; 6523.00; 1467299721.25
8385.00; 5449.00; 4974.00; 6527.00; 1467299721.27
8388.00; 5458.00; 4972.00; 6524.00; 1467299721.27
8388.00; 5458.00; 4972.00; 6524.00; 1467299721.29
8387.00; 5456.00; 4974.00; 6521.00; 1467299721.29
8387.00; 5456.00; 4974.00; 6521.00; 1467299721.31
8386.00; 5452.00; 4978.00; 6529.00; 1467299721.31
8391.00; 5456.00; 4971.00; 6530.00; 1467299721.33
8391.00; 5456.00; 4971.00; 6530.00; 1467299721.33
8391.00; 5452.00; 4970.00; 6524.00; 1467299721.35
8387.00; 5447.00; 4982.00; 6517.00; 1467299721.35
8387.00; 5447.00; 4982.00; 6517.00; 1467299721.37
8391.00; 5452.00; 4973.00; 6526.00; 1467299721.37
8391.00; 5452.00; 4973.00; 6526.00; 1467299721.39
8387.00; 5452.00; 4976.00; 6525.00; 1467299721.39
8385.00; 5445.00; 4976.00; 6530.00; 1467299721.41
8385.00; 5445.00; 4976.00; 6530.00; 1467299721.41
8385.00; 5450.00; 4975.00; 6525.00; 1467299721.43
8391.00; 5456.00; 4973.00; 6526.00; 1467299721.43
8391.00; 5456.00; 4973.00; 6526.00; 1467299721.45
8391.00; 5452.00; 4973.00; 6527.00; 1467299721.45
8391.00; 5452.00; 4973.00; 6527.00; 1467299721.47
8390.00; 5446.00; 4977.00; 6528.00; 1467299721.47
8388.00; 5456.00; 4973.00; 6525.00; 1467299721.49
8388.00; 5456.00; 4973.00; 6525.00; 1467299721.49
8383.00; 5449.00; 4971.00; 6525.00; 1467299721.51
8383.00; 5449.00; 4971.00; 6525.00; 1467299721.51
8389.00; 5448.00; 4969.00; 6521.00; 1467299721.53
8388.00; 5452.00; 4972.00; 6524.00; 1467299721.53
8388.00; 5452.00; 4972.00; 6524.00; 1467299721.55
8388.00; 5451.00; 4972.00; 6528.00; 1467299721.55
8390.00; 5455.00; 4976.00; 6521.00; 1467299721.57
8390.00; 5455.00; 4976.00; 6521.00; 1467299721.57
8387.00; 5447.00; 4976.00; 6527.00; 1467299721.59
8387.00; 5447.00; 4976.00; 6527.00; 1467299721.59
8384.00; 5454.00; 4974.00; 6525.00; 1467299721.61
8387.00; 5454.00; 4973.00; 6520.00; 1467299721.61
8387.00; 5454.00; 4973.00; 6520.00; 1467299721.63
8387.00; 5454.00; 4976.00; 6526.00; 1467299721.63
8393.00; 5454.00; 4971.00; 6526.00; 1467299721.65
8393.00; 5454.00; 4971.00; 6526.00; 1467299721.65
8387.00; 5454.00; 4976.00; 6520.00; 1467299721.67
8387.00; 5454.00; 4976.00; 6520.00; 1467299721.67
8389.00; 5450.00; 4968.00; 6525.00; 1467299721.69
8395.00; 5446.00; 4974.00; 6525.00; 1467299721.69
8395.00; 5446.00; 4974.00; 6525.00; 1467299721.71
8389.00; 5451.00; 4975.00; 6526.00; 1467299721.71
8389.00; 5451.00; 4975.00; 6526.00; 1467299721.73
8392.00; 5450.00; 4969.00; 6520.00; 1467299721.73
8382.00; 5451.00; 4975.00; 6527.00; 1467299721.75
8382.00; 5451.00; 4975.00; 6527.00; 1467299721.75
8388.00; 5450.00; 4977.00; 6521.00; 1467299721.77
8382.00; 5451.00; 4965.00; 6528.00; 1467299721.77
8382.00; 5451.00; 4965.00; 6528.00; 1467299721.79
8388.00; 5459.00; 4974.00; 6527.00; 1467299721.79
8388.00; 5459.00; 4974.00; 6527.00; 1467299721.81
8381.00; 5454.00; 4979.00; 6528.00; 1467299721.81
8389.00; 5452.00; 4978.00; 6526.00; 1467299721.83
8389.00; 5452.00; 4978.00; 6526.00; 1467299721.83
8390.00; 5452.00; 4974.00; 6526.00; 1467299721.85
8390.00; 5452.00; 4974.00; 6526.00; 1467299721.85
8386.00; 5450.00; 4972.00; 6529.00; 1467299721.87
8388.00; 5456.00; 4979.00; 6525.00; 1467299721.87
8388.00; 5456.00; 4979.00; 6525.00; 1467299721.89
8387.00; 5452.00; 4974.00; 6526.00; 1467299721.89
8390.00; 5454.00; 4978.00; 6521.00; 1467299721.91
8390.00; 5454.00; 4978.00; 6521.00; 1467299721.91
8392.00; 5457.00; 4978.00; 6523.00; 1467299721.93
8392.00; 5457.00; 4978.00; 6523.00; 1467299721.93
8386.00; 5450.00; 4975.00; 6525.00; 1467299721.95
8385.00; 5454.00; 4973.00; 6523.00; 1467299721.95
8385.00; 5454.00; 4973.00; 6523.00; 1467299721.97
8389.00; 5450.00; 4974.00; 6524.00; 1467299721.97
8383.00; 5453.00; 4972.00; 6524.00; 1467299721.99
8383.00; 5453.00; 4972.00; 6524.00; 1467299721.99
8390.00; 5453.00; 4975.00; 6528.00; 1467299722.01
8390.00; 5453.00; 4975.00; 6528.00; 1467299722.01
8382.00; 5450.00; 4971.00; 6532.00; 1467299722.03
8384.00; 5450.00; 4972.00; 6523.00; 1467299722.03
8384.00; 5450.00; 4972.00; 6523.00; 1467299722.05
8394.00; 5451.00; 4971.00; 6526.00; 1467299722.05
8381.00; 5452.00; 4974.00; 6526.00; 1467299722.07
8381.00; 5452.00; 4974.00; 6526.00; 1467299722.07
8383.00; 5449.00; 4974.00; 6522.00; 1467299722.09
8383.00; 5449.00; 4974.00; 6522.00; 1467299722.09
8383.00; 5459.00; 4977.00; 6523.00; 1467299722.11
8389.00; 5454.00; 4975.00; 6528.00; 1467299722.11
8389.00; 5454.00; 4975.00; 6528.00; 1467299722.13
8384.00; 5456.00; 4975.00; 6521.00; 1467299722.13
8390.00; 5447.00; 4974.00; 6526.00; 1467299722.15
8390.00; 5447.00; 4974.00; 6526.00; 1467299722.15
8388.00; 5456.00; 4972.00; 6528.00; 1467299722.16
8388.00; 5456.00; 4972.00; 6528.00; 1467299722.18
8384.00; 5452.00; 4968.00; 6526.00; 1467299722.18
8388.00; 5458.00; 4973.00; 6527.00; 1467299722.20
8388.00; 5458.00; 4973.00; 6527.00; 1467299722.21
8388.00; 5451.00; 4969.00; 6524.00; 1467299722.21
8387.00; 5457.00; 4966.00; 6527.00; 1467299722.23
8387.00; 5457.00; 4966.00; 6527.00; 1467299722.23
8385.00; 5451.00; 4969.00; 6525.00; 1467299722.25
8385.00; 5451.00; 4969.00; 6525.00; 1467299722.25
8388.00; 5447.00; 4973.00; 6526.00; 1467299722.27
8387.00; 5446.00; 4976.00; 6524.00; 1467299722.27
8387.00; 5446.00; 4976.00; 6524.00; 1467299722.29
8389.00; 5455.00; 4974.00; 6527.00; 1467299722.29
8387.00; 5449.00; 4974.00; 6519.00; 1467299722.31
8387.00; 5449.00; 4974.00; 6519.00; 1467299722.31
8390.00; 5451.00; 4976.00; 6523.00; 1467299722.33
8390.00; 5451.00; 4976.00; 6523.00; 1467299722.33
8386.00; 5452.00; 4972.00; 6523.00; 1467299722.35
8388.00; 5451.00; 4972.00; 6529.00; 1467299722.35
8388.00; 5451.00; 4972.00; 6529.00; 1467299722.37
8381.00; 5451.00; 4971.00; 6530.00; 1467299722.37
8390.00; 5451.00; 4974.00; 6530.00; 1467299722.39
8390.00; 5445.00; 4974.00; 6520.00; 1467299722.39
8387.00; 5449.00; 4974.00; 6526.00; 1467299722.41
8387.00; 5449.00; 4974.00; 6526.00; 1467299722.41
8389.00; 5449.00; 4982.00; 6524.00; 1467299722.43
8382.00; 5456.00; 4970.00; 6525.00; 1467299722.43
8382.00; 5456.00; 4970.00; 6525.00; 1467299722.45
8387.00; 5450.00; 4975.00; 6523.00; 1467299722.45
8387.00; 5450.00; 4975.00; 6523.00; 1467299722.47
8383.00; 5447.00; 4974.00; 6521.00; 1467299722.47
8385.00; 5447.00; 4974.00; 6527.00; 1467299722.49
8385.00; 5447.00; 4974.00; 6527.00; 1467299722.49
8389.00; 5455.00; 4973.00; 6520.00; 1467299722.51
8391.00; 5448.00; 4984.00; 6521.00; 1467299722.51
8391.00; 5448.00; 4984.00; 6521.00; 1467299722.53
8390.00; 5444.00; 4977.00; 6522.00; 1467299722.53
8390.00; 5444.00; 4977.00; 6522.00; 1467299722.55
8383.00; 5455.00; 4974.00; 6521.00; 1467299722.55
8386.00; 5458.00; 4979.00; 6521.00; 1467299722.57
8386.00; 5458.00; 4979.00; 6521.00; 1467299722.57
8387.00; 5450.00; 4981.00; 6527.00; 1467299722.59
8387.00; 5450.00; 4981.00; 6527.00; 1467299722.59
8393.00; 5450.00; 4973.00; 6522.00; 1467299722.61
8391.00; 5450.00; 4968.00; 6526.00; 1467299722.61
8391.00; 5450.00; 4968.00; 6526.00; 1467299722.63
8384.00; 5452.00; 4977.00; 6526.00; 1467299722.63
8382.00; 5453.00; 4975.00; 6526.00; 1467299722.65
8382.00; 5453.00; 4975.00; 6526.00; 1467299722.65
8387.00; 5449.00; 4975.00; 6520.00; 1467299722.67
8387.00; 5449.00; 4975.00; 6520.00; 1467299722.67
8386.00; 5456.00; 4976.00; 6522.00; 1467299722.69
8388.00; 5448.00; 4967.00; 6528.00; 1467299722.69
8388.00; 5448.00; 4967.00; 6528.00; 1467299722.71
8391.00; 5452.00; 4974.00; 6523.00; 1467299722.71
8388.00; 5451.00; 4971.00; 6530.00; 1467299722.73
8388.00; 5451.00; 4971.00; 6530.00; 1467299722.73
8389.00; 5450.00; 4971.00; 6523.00; 1467299722.75
8389.00; 5450.00; 4971.00; 6523.00; 1467299722.75
8386.00; 5451.00; 4971.00; 6526.00; 1467299722.77
8390.00; 5455.00; 4977.00; 6527.00; 1467299722.77
8390.00; 5455.00; 4977.00; 6527.00; 1467299722.79
8390.00; 5448.00; 4971.00; 6531.00; 1467299722.79
8390.00; 5448.00; 4971.00; 6531.00; 1467299722.81
8393.00; 5449.00; 4976.00; 6529.00; 1467299722.81
8390.00; 5452.00; 4975.00; 6528.00; 1467299722.83
8390.00; 5452.00; 4975.00; 6528.00; 1467299722.83
8392.00; 5451.00; 4969.00; 6521.00; 1467299722.85
8391.00; 5454.00; 4973.00; 6528.00; 1467299722.85
8391.00; 5454.00; 4973.00; 6528.00; 1467299722.87
8390.00; 5456.00; 4976.00; 6519.00; 1467299722.87
8390.00; 5456.00; 4976.00; 6519.00; 1467299722.89
8393.00; 5445.00; 4980.00; 6526.00; 1467299722.89
8386.00; 5452.00; 4981.00; 6530.00; 1467299722.91
8386.00; 5452.00; 4981.00; 6530.00; 1467299722.91
8394.00; 5451.00; 4976.00; 6520.00; 1467299722.93
8389.00; 5451.00; 4976.00; 6525.00; 1467299722.94
8389.00; 5451.00; 4976.00; 6525.00; 1467299722.95
8387.00; 5453.00; 4972.00; 6521.00; 1467299722.96
8387.00; 5453.00; 4972.00; 6521.00; 1467299722.97
8388.00; 5449.00; 4973.00; 6524.00; 1467299722.98
8383.00; 5455.00; 4973.00; 6521.00; 1467299722.99
8383.00; 5455.00; 4973.00; 6521.00; 1467299723.00
8386.00; 5450.00; 4974.00; 6526.00; 1467299723.01
8393.00; 5451.00; 4980.00; 6528.00; 1467299723.02
8393.00; 5451.00; 4980.00; 6528.00; 1467299723.03
8381.00; 5455.00; 4971.00; 6525.00; 1467299723.04
8381.00; 5455.00; 4971.00; 6525.00; 1467299723.05
8388.00; 5451.00; 4975.00; 6525.00; 1467299723.06
8383.00; 5448.00; 4973.00; 6526.00; 1467299723.07
8383.00; 5448.00; 4973.00; 6526.00; 1467299723.08
8391.00; 5450.00; 4975.00; 6526.00; 1467299723.09
8382.00; 5457.00; 4974.00; 6522.00; 1467299723.10
8382.00; 5457.00; 4974.00; 6522.00; 1467299723.11
8391.00; 5447.00; 4973.00; 6524.00; 1467299723.12
8391.00; 5447.00; 4973.00; 6524.00; 1467299723.13
8384.00; 5452.00; 4974.00; 6522.00; 1467299723.14
8388.00; 5452.00; 4979.00; 6523.00; 1467299723.15
8388.00; 5452.00; 4979.00; 6523.00; 1467299723.16
8392.00; 5454.00; 4975.00; 6525.00; 1467299723.17
8392.00; 5454.00; 4975.00; 6525.00; 1467299723.18
8383.00; 5454.00; 4971.00; 6521.00; 1467299723.19
8387.00; 5450.00; 4975.00; 6530.00; 1467299723.20
8387.00; 5450.00; 4975.00; 6530.00; 1467299723.21
8388.00; 5455.00; 4974.00; 6526.00; 1467299723.22
8390.00; 5457.00; 4972.00; 6525.00; 1467299723.23
8390.00; 5457.00; 4972.00; 6525.00; 1467299723.24
8388.00; 5449.00; 4980.00; 6527.00; 1467299723.25
8388.00; 5449.00; 4980.00; 6527.00; 1467299723.26
8387.00; 5451.00; 4974.00; 6523.00; 1467299723.27
8390.00; 5448.00; 4974.00; 6529.00; 1467299723.28
8390.00; 5448.00; 4974.00; 6529.00; 1467299723.29
8388.00; 5446.00; 4971.00; 6524.00; 1467299723.30
8385.00; 5452.00; 4967.00; 6523.00; 1467299723.31
8385.00; 5452.00; 4967.00; 6523.00; 1467299723.32
8388.00; 5446.00; 4974.00; 6525.00; 1467299723.33
8388.00; 5446.00; 4974.00; 6525.00; 1467299723.34
8379.00; 5452.00; 4978.00; 6520.00; 1467299723.35
8389.00; 5451.00; 4973.00; 6528.00; 1467299723.36
8389.00; 5451.00; 4973.00; 6528.00; 1467299723.37
8392.00; 5451.00; 4978.00; 6523.00; 1467299723.38
8392.00; 5451.00; 4978.00; 6523.00; 1467299723.40
8390.00; 5448.00; 4977.00; 6526.00; 1467299723.40
8382.00; 5449.00; 4974.00; 6528.00; 1467299723.41
8382.00; 5449.00; 4974.00; 6528.00; 1467299723.42
8385.00; 5447.00; 4982.00; 6521.00; 1467299723.43
8386.00; 5451.00; 4974.00; 6529.00; 1467299723.44
8386.00; 5451.00; 4974.00; 6529.00; 1467299723.45
8387.00; 5449.00; 4980.00; 6528.00; 1467299723.46
8387.00; 5449.00; 4980.00; 6528.00; 1467299723.48
8383.00; 5451.00; 4972.00; 6527.00; 1467299723.49
8389.00; 5451.00; 4979.00; 6529.00; 1467299723.49
8389.00; 5451.00; 4979.00; 6529.00; 1467299723.50
8386.00; 5457.00; 4973.00; 6527.00; 1467299723.51
8386.00; 5455.00; 4972.00; 6528.00; 1467299723.53
8386.00; 5455.00; 4972.00; 6528.00; 1467299723.53
8386.00; 5454.00; 4971.00; 6526.00; 1467299723.55
8386.00; 5454.00; 4971.00; 6526.00; 1467299723.55
8388.00; 5454.00; 4978.00; 6523.00; 1467299723.57
8391.00; 5451.00; 4975.00; 6520.00; 1467299723.57
8391.00; 5451.00; 4975.00; 6520.00; 1467299723.59
8388.00; 5452.00; 4975.00; 6526.00; 1467299723.59
8388.00; 5451.00; 4980.00; 6523.00; 1467299723.61
8388.00; 5451.00; 4980.00; 6523.00; 1467299723.61
8395.00; 5455.00; 4974.00; 6523.00; 1467299723.63
8395.00; 5455.00; 4974.00; 6523.00; 1467299723.63
8387.00; 5452.00; 4976.00; 6523.00; 1467299723.65
8387.00; 5455.00; 4985.00; 6523.00; 1467299723.65
8387.00; 5455.00; 4985.00; 6523.00; 1467299723.67
8386.00; 5452.00; 4973.00; 6526.00; 1467299723.67
8386.00; 5452.00; 4973.00; 6526.00; 1467299723.69
8387.00; 5456.00; 4972.00; 6524.00; 1467299723.69
8388.00; 5451.00; 4976.00; 6531.00; 1467299723.71
8388.00; 5451.00; 4976.00; 6531.00; 1467299723.71
8389.00; 5451.00; 4975.00; 6529.00; 1467299723.73
8390.00; 5446.00; 4978.00; 6527.00; 1467299723.73
8390.00; 5446.00; 4978.00; 6527.00; 1467299723.75
8382.00; 5452.00; 4973.00; 6527.00; 1467299723.75
8382.00; 5452.00; 4973.00; 6527.00; 1467299723.77
8380.00; 5450.00; 4976.00; 6528.00; 1467299723.77
8386.00; 5455.00; 4977.00; 6527.00; 1467299723.79
8386.00; 5455.00; 4977.00; 6527.00; 1467299723.79
8382.00; 5451.00; 4972.00; 6527.00; 1467299723.81
8387.00; 5447.00; 4979.00; 6524.00; 1467299723.81
8387.00; 5447.00; 4979.00; 6524.00; 1467299723.83
8382.00; 5451.00; 4973.00; 6522.00; 1467299723.83
8382.00; 5451.00; 4973.00; 6522.00; 1467299723.85
8384.00; 5456.00; 4973.00; 6520.00; 1467299723.85
8387.00; 5451.00; 4969.00; 6527.00; 1467299723.87
8387.00; 5451.00; 4969.00; 6527.00; 1467299723.87
8385.00; 5454.00; 4975.00; 6533.00; 1467299723.89
8381.00; 5454.00; 4973.00; 6526.00; 1467299723.89
8381.00; 5453.00; 4973.00; 6526.00; 1467299723.91
8383.00; 5452.00; 4973.00; 6526.00; 1467299723.91
8383.00; 5452.00; 4973.00; 6526.00; 1467299723.93
8391.00; 5451.00; 4977.00; 6525.00; 1467299723.93
8383.00; 5455.00; 4973.00; 6524.00; 1467299723.95
8383.00; 5455.00; 4973.00; 6524.00; 1467299723.95
8383.00; 5448.00; 4978.00; 6523.00; 1467299723.97
8383.00; 5448.00; 4978.00; 6523.00; 1467299723.97
8383.00; 5448.00; 4966.00; 6525.00; 1467299723.99
8391.00; 5454.00; 4976.00; 6530.00; 1467299723.99
8391.00; 5454.00; 4976.00; 6530.00; 1467299724.01
8384.00; 5452.00; 4971.00; 6528.00; 1467299724.02
8386.00; 5447.00; 4975.00; 6524.00; 1467299724.02
8386.00; 5447.00; 4975.00; 6524.00; 1467299724.03
8389.00; 5455.00; 4977.00; 6523.00; 1467299724.04
8389.00; 5455.00; 4977.00; 6523.00; 1467299724.05
8388.00; 5449.00; 4974.00; 6530.00; 1467299724.06
8387.00; 5452.00; 4974.00; 6526.00; 1467299724.08
8387.00; 5452.00; 4974.00; 6526.00; 1467299724.08
8387.00; 5450.00; 4981.00; 6529.00; 1467299724.10
8385.00; 5450.00; 4976.00; 6523.00; 1467299724.10
8385.00; 5450.00; 4976.00; 6523.00; 1467299724.12
8390.00; 5458.00; 4978.00; 6526.00; 1467299724.12
8390.00; 5458.00; 4978.00; 6526.00; 1467299724.14
8385.00; 5450.00; 4973.00; 6525.00; 1467299724.14
8388.00; 5451.00; 4971.00; 6524.00; 1467299724.16
8388.00; 5451.00; 4971.00; 6524.00; 1467299724.16
8389.00; 5452.00; 4983.00; 6525.00; 1467299724.18
8388.00; 5451.00; 4975.00; 6525.00; 1467299724.18
8388.00; 5451.00; 4975.00; 6525.00; 1467299724.20
8389.00; 5454.00; 4975.00; 6525.00; 1467299724.20
8389.00; 5454.00; 4975.00; 6525.00; 1467299724.22
8386.00; 5452.00; 4973.00; 6520.00; 1467299724.22
8393.00; 5450.00; 4971.00; 6524.00; 1467299724.24
8393.00; 5450.00; 4971.00; 6524.00; 1467299724.24
8389.00; 5452.00; 4973.00; 6522.00; 1467299724.26
8385.00; 5452.00; 4976.00; 6522.00; 1467299724.26
8385.00; 5453.00; 4976.00; 6522.00; 1467299724.28
8394.00; 5453.00; 4974.00; 6526.00; 1467299724.28
8394.00; 5453.00; 4974.00; 6526.00; 1467299724.30
8390.00; 5454.00; 4973.00; 6525.00; 1467299724.30
8388.00; 5450.00; 4977.00; 6522.00; 1467299724.32
8388.00; 5450.00; 4977.00; 6522.00; 1467299724.32
8386.00; 5447.00; 4972.00; 6525.00; 1467299724.34
8386.00; 5447.00; 4972.00; 6525.00; 1467299724.34
8389.00; 5451.00; 4976.00; 6531.00; 1467299724.36
8385.00; 5456.00; 4978.00; 6530.00; 1467299724.36
8385.00; 5456.00; 4978.00; 6530.00; 1467299724.38
8389.00; 5454.00; 4971.00; 6526.00; 1467299724.38
8391.00; 5452.00; 4973.00; 6523.00; 1467299724.40
8391.00; 5452.00; 4973.00; 6523.00; 1467299724.40
8385.00; 5452.00; 4975.00; 6525.00; 1467299724.42
8385.00; 5452.00; 4975.00; 6525.00; 1467299724.42
8386.00; 5453.00; 4981.00; 6523.00; 1467299724.44
8393.00; 5454.00; 4974.00; 6518.00; 1467299724.44
8393.00; 5454.00; 4974.00; 6518.00; 1467299724.46
8393.00; 5456.00; 4973.00; 6527.00; 1467299724.46
8393.00; 5456.00; 4977.00; 6527.00; 1467299724.48
8381.00; 5448.00; 4977.00; 6529.00; 1467299724.48
8387.00; 5447.00; 4979.00; 6526.00; 1467299724.50
8387.00; 5447.00; 4979.00; 6526.00; 1467299724.50
8391.00; 5454.00; 4971.00; 6519.00; 1467299724.52
8389.00; 5451.00; 4977.00; 6523.00; 1467299724.52
8389.00; 5451.00; 4977.00; 6523.00; 1467299724.54
8385.00; 5456.00; 4977.00; 6524.00; 1467299724.54
8385.00; 5456.00; 4977.00; 6524.00; 1467299724.56
8388.00; 5455.00; 4973.00; 6526.00; 1467299724.56
8386.00; 5451.00; 4977.00; 6525.00; 1467299724.58
8386.00; 5451.00; 4977.00; 6525.00; 1467299724.58
8388.00; 5451.00; 4969.00; 6528.00; 1467299724.60
8392.00; 5458.00; 4977.00; 6524.00; 1467299724.60
8392.00; 5458.00; 4977.00; 6524.00; 1467299724.62
8383.00; 5455.00; 4972.00; 6525.00; 1467299724.62
8383.00; 5455.00; 4972.00; 6525.00; 1467299724.64
8382.00; 5448.00; 4976.00; 6532.00; 1467299724.64
8389.00; 5451.00; 4973.00; 6521.00; 1467299724.66
8389.00; 5451.00; 4973.00; 6521.00; 1467299724.66
8385.00; 5451.00; 4973.00; 6529.00; 1467299724.68
8385.00; 5451.00; 4973.00; 6529.00; 1467299724.68
8385.00; 5450.00; 4975.00; 6527.00; 1467299724.70
8394.00; 5452.00; 4980.00; 6522.00; 1467299724.70
8394.00; 5452.00; 4980.00; 6522.00; 1467299724.72
8382.00; 5447.00; 4978.00; 6522.00; 1467299724.72
8389.00; 5451.00; 4975.00; 6526.00; 1467299724.74
8389.00; 5451.00; 4975.00; 6526.00; 1467299724.74
8392.00; 5453.00; 4975.00; 6528.00; 1467299724.76
8392.00; 5453.00; 4975.00; 6528.00; 1467299724.77
8381.00; 5451.00; 4976.00; 6517.00; 1467299724.77
8386.00; 5451.00; 4977.00; 6529.00; 1467299724.79
8386.00; 5451.00; 4977.00; 6529.00; 1467299724.79
8389.00; 5450.00; 4974.00; 6526.00; 1467299724.81
8387.00; 5452.00; 4974.00; 6530.00; 1467299724.81
8387.00; 5452.00; 4974.00; 6530.00; 1467299724.83
8386.00; 5452.00; 4972.00; 6523.00; 1467299724.83
8386.00; 5452.00; 4972.00; 6523.00; 1467299724.85
8385.00; 5456.00; 4968.00; 6527.00; 1467299724.85
8391.00; 5452.00; 4973.00; 6526.00; 1467299724.87
8391.00; 5452.00; 4973.00; 6526.00; 1467299724.87
8394.00; 5449.00; 4976.00; 6523.00; 1467299724.89
8387.00; 5449.00; 4975.00; 6527.00; 1467299724.89
8387.00; 5449.00; 4975.00; 6527.00; 1467299724.91
8385.00; 5452.00; 4975.00; 6525.00; 1467299724.91
8385.00; 5452.00; 4975.00; 6525.00; 1467299724.93
8393.00; 5445.00; 4977.00; 6524.00; 1467299724.93
8389.00; 5454.00; 4969.00; 6532.00; 1467299724.95
8389.00; 5454.00; 4969.00; 6532.00; 1467299724.95
8388.00; 5449.00; 4975.00; 6522.00; 1467299724.97
8390.00; 5453.00; 4973.00; 6529.00; 1467299724.97
8390.00; 5453.00; 4973.00; 6529.00; 1467299724.99
8388.00; 5452.00; 4970.00; 6532.00; 1467299724.99
8388.00; 5452.00; 4970.00; 6532.00; 1467299725.01
8389.00; 5456.00; 4975.00; 6530.00; 1467299725.01
8386.00; 5450.00; 4975.00; 6523.00; 1467299725.03
8386.00; 5450.00; 4975.00; 6523.00; 1467299725.03
8388.00; 5452.00; 4973.00; 6523.00; 1467299725.05
8385.00; 5450.00; 4978.00; 6529.00; 1467299725.05
8385.00; 5450.00; 4978.00; 6529.00; 1467299725.07
8389.00; 5451.00; 4977.00; 6528.00; 1467299725.07
8389.00; 5451.00; 4977.00; 6528.00; 1467299725.09
8385.00; 5446.00; 4973.00; 6526.00; 1467299725.10
8386.00; 5451.00; 4975.00; 6523.00; 1467299725.11
8386.00; 5451.00; 4975.00; 6523.00; 1467299725.11
8390.00; 5451.00; 4980.00; 6525.00; 1467299725.13
8389.00; 5453.00; 4969.00; 6528.00; 1467299725.13
8389.00; 5453.00; 4969.00; 6528.00; 1467299725.15
8393.00; 5454.00; 4978.00; 6527.00; 1467299725.15
8393.00; 5454.00; 4978.00; 6527.00; 1467299725.17
8388.00; 5450.00; 4976.00; 6524.00; 1467299725.17
8383.00; 5450.00; 4975.00; 6521.00; 1467299725.19
8383.00; 5450.00; 4975.00; 6521.00; 1467299725.19
8387.00; 5448.00; 4975.00; 6521.00; 1467299725.21
8387.00; 5448.00; 4975.00; 6521.00; 1467299725.21
8384.00; 5453.00; 4974.00; 6522.00; 1467299725.23
8382.00; 5458.00; 4977.00; 6530.00; 1467299725.23
8382.00; 5458.00; 4977.00; 6530.00; 1467299725.25
8387.00; 5449.00; 4976.00; 6528.00; 1467299725.25
8386.00; 5454.00; 4977.00; 6526.00; 1467299725.27
8386.00; 5454.00; 4977.00; 6526.00; 1467299725.27
8392.00; 5450.00; 4979.00; 6527.00; 1467299725.29
8392.00; 5450.00; 4979.00; 6527.00; 1467299725.30
8390.00; 5452.00; 4973.00; 6527.00; 1467299725.31
8387.00; 5457.00; 4973.00; 6525.00; 1467299725.31
8387.00; 5457.00; 4973.00; 6525.00; 1467299725.33
8387.00; 5452.00; 4975.00; 6521.00; 1467299725.33
8385.00; 5452.00; 4980.00; 6525.00; 1467299725.35
8385.00; 5452.00; 4980.00; 6525.00; 1467299725.35
8384.00; 5455.00; 4980.00; 6524.00; 1467299725.37
8384.00; 5455.00; 4980.00; 6524.00; 1467299725.38
8391.00; 5446.00; 4974.00; 6525.00; 1467299725.39
8387.00; 5448.00; 4973.00; 6528.00; 1467299725.39
8387.00; 5448.00; 4973.00; 6528.00; 1467299725.41
8387.00; 5452.00; 4975.00; 6522.00; 1467299725.41
8387.00; 5452.00; 4975.00; 6522.00; 1467299725.43
8383.00; 5446.00; 4975.00; 6527.00; 1467299725.43
8387.00; 5451.00; 4971.00; 6524.00; 1467299725.45
8387.00; 5451.00; 4971.00; 6524.00; 1467299725.45
8388.00; 5446.00; 4971.00; 6524.00; 1467299725.47
8387.00; 5455.00; 4976.00; 6524.00; 1467299725.47
8387.00; 5455.00; 4976.00; 6524.00; 1467299725.49
8390.00; 5459.00; 4972.00; 6525.00; 1467299725.49
8390.00; 5459.00; 4972.00; 6525.00; 1467299725.51
8389.00; 5448.00; 4973.00; 6525.00; 1467299725.51
8383.00; 5452.00; 4970.00; 6523.00; 1467299725.53
8383.00; 5452.00; 4970.00; 6523.00; 1467299725.53
8386.00; 5457.00; 4978.00; 6529.00; 1467299725.55
8386.00; 5457.00; 4977.00; 6529.00; 1467299725.55
8386.00; 5452.00; 4977.00; 6528.00; 1467299725.57
8389.00; 5457.00; 4978.00; 6530.00; 1467299725.57
8389.00; 5457.00; 4978.00; 6530.00; 1467299725.59
8392.00; 5457.00; 4973.00; 6521.00; 1467299725.59
8389.00; 5451.00; 4978.00; 6525.00; 1467299725.61
8389.00; 5451.00; 4978.00; 6525.00; 1467299725.61
8388.00; 5446.00; 4977.00; 6523.00; 1467299725.63
8388.00; 5446.00; 4977.00; 6523.00; 1467299725.63
8389.00; 5448.00; 4974.00; 6526.00; 1467299725.65
8395.00; 5456.00; 4978.00; 6531.00; 1467299725.65
8395.00; 5456.00; 4978.00; 6531.00; 1467299725.67
8387.00; 5447.00; 4971.00; 6526.00; 1467299725.67
8387.00; 5451.00; 4978.00; 6524.00; 1467299725.69
8387.00; 5451.00; 4978.00; 6524.00; 1467299725.69
8392.00; 5453.00; 4979.00; 6524.00; 1467299725.71
8392.00; 5453.00; 4979.00; 6524.00; 1467299725.72
8386.00; 5455.00; 4975.00; 6524.00; 1467299725.73
8381.00; 5458.00; 4971.00; 6526.00; 1467299725.73
8381.00; 5458.00; 4971.00; 6526.00; 1467299725.75
8391.00; 5446.00; 4975.00; 6531.00; 1467299725.75
8391.00; 5446.00; 4975.00; 6531.00; 1467299725.77
8387.00; 5450.00; 4975.00; 6525.00; 1467299725.77
8391.00; 5452.00; 4972.00; 6522.00; 1467299725.79
8391.00; 5452.00; 4972.00; 6522.00; 1467299725.79
8391.00; 5452.00; 4970.00; 6522.00; 1467299725.81
8387.00; 5450.00; 4971.00; 6522.00; 1467299725.81
8387.00; 5450.00; 4971.00; 6522.00; 1467299725.83
8391.00; 5452.00; 4975.00; 6525.00; 1467299725.83
8391.00; 5452.00; 4975.00; 6525.00; 1467299725.85
8389.00; 5448.00; 4983.00; 6523.00; 1467299725.85
8384.00; 5453.00; 4975.00; 6526.00; 1467299725.87
8384.00; 5453.00; 4975.00; 6526.00; 1467299725.87
8384.00; 5455.00; 4982.00; 6525.00; 1467299725.89
8385.00; 5456.00; 4970.00; 6518.00; 1467299725.89
8385.00; 5456.00; 4970.00; 6518.00; 1467299725.91
8391.00; 5456.00; 4977.00; 6528.00; 1467299725.91
8391.00; 5456.00; 4977.00; 6528.00; 1467299725.93
8392.00; 5450.00; 4972.00; 6526.00; 1467299725.93
8385.00; 5446.00; 4971.00; 6527.00; 1467299725.95
8385.00; 5446.00; 4971.00; 6527.00; 1467299725.95
8390.00; 5449.00; 4974.00; 6524.00; 1467299725.97
8392.00; 5451.00; 4979.00; 6525.00; 1467299725.97
8392.00; 5451.00; 4979.00; 6525.00; 1467299725.99
8388.00; 5455.00; 4972.00; 6532.00; 1467299726.00
8388.00; 5455.00; 4972.00; 6532.00; 1467299726.01
8385.00; 5455.00; 4970.00; 6528.00; 1467299726.02
8382.00; 5446.00; 4979.00; 6523.00; 1467299726.04
8382.00; 5446.00; 4979.00; 6523.00; 1467299726.05
8385.00; 5450.00; 4972.00; 6524.00; 1467299726.06
8385.00; 5450.00; 4972.00; 6524.00; 1467299726.07
8386.00; 5451.00; 4979.00; 6523.00; 1467299726.09
8386.00; 5451.00; 4979.00; 6523.00; 1467299726.09
8385.00; 5451.00; 4973.00; 6523.00; 1467299726.10
8391.00; 5452.00; 4973.00; 6524.00; 1467299726.11
8391.00; 5452.00; 4973.00; 6524.00; 1467299726.13
8380.00; 5457.00; 4975.00; 6520.00; 1467299726.13
8389.00; 5449.00; 4973.00; 6526.00; 1467299726.15
8389.00; 5449.00; 4973.00; 6526.00; 1467299726.15
8390.00; 5443.00; 4973.00; 6524.00; 1467299726.17
8390.00; 5443.00; 4973.00; 6524.00; 1467299726.17
8389.00; 5453.00; 4974.00; 6527.00; 1467299726.19
8388.00; 5458.00; 4973.00; 6521.00; 1467299726.19
8388.00; 5458.00; 4973.00; 6521.00; 1467299726.21
8384.00; 5454.00; 4978.00; 6526.00; 1467299726.21
8385.00; 5450.00; 4974.00; 6526.00; 1467299726.23
8385.00; 5450.00; 4974.00; 6526.00; 1467299726.23
8386.00; 5449.00; 4983.00; 6533.00; 1467299726.25
8386.00; 5449.00; 4983.00; 6533.00; 1467299726.25
8388.00; 5458.00; 4975.00; 6524.00; 1467299726.27
8387.00; 5447.00; 4972.00; 6523.00; 1467299726.27
8387.00; 5447.00; 4972.00; 6523.00; 1467299726.29
8390.00; 5453.00; 4970.00; 6530.00; 1467299726.29
8390.00; 5453.00; 4969.00; 6530.00; 1467299726.31
8385.00; 5445.00; 4969.00; 6526.00; 1467299726.31
8386.00; 5451.00; 4972.00; 6526.00; 1467299726.33
8386.00; 5451.00; 4972.00; 6526.00; 1467299726.33
8387.00; 5451.00; 4972.00; 6526.00; 1467299726.35
8387.00; 5450.00; 4971.00; 6526.00; 1467299726.35
8387.00; 5450.00; 4971.00; 6526.00; 1467299726.37
8381.00; 5458.00; 4973.00; 6524.00; 1467299726.37
8381.00; 5458.00; 4973.00; 6524.00; 1467299726.39
8394.00; 5447.00; 4973.00; 6526.00; 1467299726.39
8384.00; 5453.00; 4977.00; 6523.00; 1467299726.41
8384.00; 5453.00; 4977.00; 6523.00; 1467299726.41
8383.00; 5454.00; 4974.00; 6527.00; 1467299726.43
8387.00; 5451.00; 4974.00; 6529.00; 1467299726.43
8387.00; 5451.00; 4974.00; 6529.00; 1467299726.45
8393.00; 5450.00; 4973.00; 6528.00; 1467299726.45
8393.00; 5450.00; 4973.00; 6528.00; 1467299726.47
8391.00; 5450.00; 4974.00; 6529.00; 1467299726.47
8387.00; 5452.00; 4974.00; 6519.00; 1467299726.49
8387.00; 5452.00; 4974.00; 6519.00; 1467299726.49
8393.00; 5454.00; 4973.00; 6528.00; 1467299726.51
8393.00; 5454.00; 4973.00; 6528.00; 1467299726.51
8392.00; 5444.00; 4968.00; 6528.00; 1467299726.53
8382.00; 5444.00; 4975.00; 6527.00; 1467299726.53
8382.00; 5444.00; 4975.00; 6527.00; 1467299726.55
8389.00; 5454.00; 4974.00; 6530.00; 1467299726.55
8388.00; 5456.00; 4971.00; 6529.00; 1467299726.57
8388.00; 5456.00; 4971.00; 6529.00; 1467299726.57
8386.00; 5450.00; 4976.00; 6529.00; 1467299726.59
8386.00; 5450.00; 4976.00; 6529.00; 1467299726.59
8382.00; 5448.00; 4971.00; 6528.00; 1467299726.61
8387.00; 5447.00; 4979.00; 6527.00; 1467299726.61
8387.00; 5447.00; 4979.00; 6527.00; 1467299726.63
8388.00; 5451.00; 4974.00; 6525.00; 1467299726.63
8388.00; 5448.00; 4977.00; 6518.00; 1467299726.65
8388.00; 5448.00; 4977.00; 6518.00; 1467299726.65
8387.00; 5455.00; 4977.00; 6525.00; 1467299726.67
8387.00; 5455.00; 4977.00; 6525.00; 1467299726.67
8388.00; 5450.00; 4972.00; 6520.00; 1467299726.69
8386.00; 5453.00; 4971.00; 6524.00; 1467299726.69
8386.00; 5453.00; 4971.00; 6524.00; 1467299726.71
8388.00; 5455.00; 4972.00; 6519.00; 1467299726.71
8388.00; 5455.00; 4972.00; 6519.00; 1467299726.73
8386.00; 5453.00; 4973.00; 6527.00; 1467299726.73
8384.00; 5448.00; 4973.00; 6528.00; 1467299726.75
8384.00; 5448.00; 4973.00; 6528.00; 1467299726.75
8384.00; 5457.00; 4975.00; 6520.00; 1467299726.77
8386.00; 5447.00; 4975.00; 6521.00; 1467299726.77
8386.00; 5447.00; 4975.00; 6521.00; 1467299726.79
8390.00; 5451.00; 4975.00; 6528.00; 1467299726.79
8390.00; 5451.00; 4975.00; 6528.00; 1467299726.81
8385.00; 5451.00; 4973.00; 6532.00; 1467299726.81
8384.00; 5454.00; 4974.00; 6531.00; 1467299726.83
8384.00; 5454.00; 4974.00; 6531.00; 1467299726.83
8384.00; 5455.00; 4969.00; 6521.00; 1467299726.85
8384.00; 5455.00; 4979.00; 6521.00; 1467299726.85
8390.00; 5454.00; 4979.00; 6526.00; 1467299726.87
8387.00; 5448.00; 4974.00; 6524.00; 1467299726.87
8387.00; 5448.00; 4974.00; 6524.00; 1467299726.89
8388.00; 5447.00; 4978.00; 6520.00; 1467299726.89
8388.00; 5457.00; 4977.00; 6529.00; 1467299726.91
8388.00; 5457.00; 4977.00; 6529.00; 1467299726.91
8389.00; 5455.00; 4975.00; 6522.00; 1467299726.93
8389.00; 5455.00; 4975.00; 6522.00; 1467299726.93
8387.00; 5453.00; 4973.00; 6524.00; 1467299726.95
8389.00; 5446.00; 4977.00; 6528.00; 1467299726.95
8389.00; 5446.00; 4977.00; 6528.00; 1467299726.97
8389.00; 5449.00; 4973.00; 6527.00; 1467299726.97
8389.00; 5450.00; 4975.00; 6520.00; 1467299726.99
8389.00; 5450.00; 4975.00; 6520.00; 1467299726.99
8383.00; 5447.00; 4975.00; 6524.00; 1467299727.01
8383.00; 5447.00; 4975.00; 6524.00; 1467299727.01
8383.00; 5448.00; 4974.00; 6523.00; 1467299727.03
8387.00; 5449.00; 4976.00; 6525.00; 1467299727.03
8387.00; 5449.00; 4976.00; 6525.00; 1467299727.05
8392.00; 5453.00; 4974.00; 6525.00; 1467299727.05
8389.00; 5451.00; 4980.00; 6528.00; 1467299727.07
8389.00; 5451.00; 4980.00; 6528.00; 1467299727.07
8389.00; 5451.00; 4976.00; 6522.00; 1467299727.09
8389.00; 5451.00; 4976.00; 6522.00; 1467299727.09
8387.00; 5449.00; 4976.00; 6527.00; 1467299727.11
8389.00; 5451.00; 4970.00; 6527.00; 1467299727.11
8389.00; 5451.00; 4970.00; 6527.00; 1467299727.13
8388.00; 5450.00; 4977.00; 6523.00; 1467299727.13
8381.00; 5452.00; 4974.00; 6528.00; 1467299727.15
8381.00; 5452.00; 4974.00; 6528.00; 1467299727.15
8381.00; 5452.00; 4977.00; 6527.00; 1467299727.17
8381.00; 5452.00; 4977.00; 6527.00; 1467299727.17
8392.00; 5451.00; 4972.00; 6523.00; 1467299727.19
8393.00; 5454.00; 4971.00; 6524.00; 1467299727.19
8393.00; 5454.00; 4971.00; 6524.00; 1467299727.21
8388.00; 5457.00; 4979.00; 6523.00; 1467299727.21
8388.00; 5457.00; 4979.00; 6523.00; 1467299727.23
8389.00; 5453.00; 4983.00; 6521.00; 1467299727.23
8381.00; 5448.00; 4979.00; 6521.00; 1467299727.25
8381.00; 5448.00; 4979.00; 6521.00; 1467299727.25
8389.00; 5452.00; 4976.00; 6528.00; 1467299727.27
8390.00; 5448.00; 4981.00; 6524.00; 1467299727.27
8390.00; 5448.00; 4981.00; 6524.00; 1467299727.29
8387.00; 5456.00; 4976.00; 6524.00; 1467299727.29
8387.00; 5456.00; 4976.00; 6524.00; 1467299727.31
8384.00; 5452.00; 4979.00; 6524.00; 1467299727.31
8383.00; 5454.00; 4976.00; 6523.00; 1467299727.32
8383.00; 5454.00; 4976.00; 6523.00; 1467299727.33
8382.00; 5453.00; 4976.00; 6525.00; 1467299727.35
8385.00; 5451.00; 4982.00; 6520.00; 1467299727.35
8385.00; 5451.00; 4982.00; 6520.00; 1467299727.37
8385.00; 5450.00; 4972.00; 6522.00; 1467299727.37
8385.00; 5450.00; 4972.00; 6522.00; 1467299727.39
8387.00; 5457.00; 4973.00; 6520.00; 1467299727.39
8385.00; 5451.00; 4976.00; 6526.00; 1467299727.41
8385.00; 5451.00; 4976.00; 6526.00; 1467299727.41
8389.00; 5451.00; 4973.00; 6524.00; 1467299727.43
8388.00; 5457.00; 4976.00; 6517.00; 1467299727.43
8388.00; 5457.00; 4976.00; 6517.00; 1467299727.45
8385.00; 5454.00; 4972.00; 6528.00; 1467299727.45
8385.00; 5454.00; 4972.00; 6528.00; 1467299727.47
8387.00; 5451.00; 4977.00; 6525.00; 1467299727.47
8384.00; 5454.00; 4976.00; 6525.00; 1467299727.49
8384.00; 5454.00; 4976.00; 6525.00; 1467299727.49
8393.00; 5454.00; 4973.00; 6526.00; 1467299727.51
8393.00; 5454.00; 4973.00; 6526.00; 1467299727.51
8388.00; 5450.00; 4973.00; 6526.00; 1467299727.53
8390.00; 5448.00; 4974.00; 6525.00; 1467299727.53
8390.00; 5448.00; 4974.00; 6525.00; 1467299727.55
8382.00; 5455.00; 4975.00; 6526.00; 1467299727.55
8390.00; 5457.00; 4971.00; 6527.00; 1467299727.57
8390.00; 5457.00; 4971.00; 6527.00; 1467299727.57
8387.00; 5452.00; 4971.00; 6520.00; 1467299727.59
8387.00; 5452.00; 4971.00; 6520.00; 1467299727.59
8386.00; 5455.00; 4975.00; 6516.00; 1467299727.61
8389.00; 5450.00; 4976.00; 6521.00; 1467299727.61
8389.00; 5450.00; 4976.00; 6521.00; 1467299727.63
8390.00; 5451.00; 4978.00; 6521.00; 1467299727.63
8387.00; 5455.00; 4973.00; 6522.00; 1467299727.65
8387.00; 5455.00; 4973.00; 6522.00; 1467299727.65
8387.00; 5452.00; 4972.00; 6525.00; 1467299727.67
8387.00; 5452.00; 4972.00; 6525.00; 1467299727.67
8385.00; 5451.00; 4970.00; 6521.00; 1467299727.69
8386.00; 5453.00; 4976.00; 6526.00; 1467299727.69
8386.00; 5453.00; 4976.00; 6526.00; 1467299727.71
8387.00; 5454.00; 4967.00; 6529.00; 1467299727.71
8387.00; 5454.00; 4967.00; 6529.00; 1467299727.73
8389.00; 5455.00; 4977.00; 6529.00; 1467299727.73
8390.00; 5451.00; 4974.00; 6522.00; 1467299727.74
8390.00; 5451.00; 4974.00; 6522.00; 1467299727.76
8392.00; 5456.00; 4973.00; 6524.00; 1467299727.76
8382.00; 5453.00; 4972.00; 6534.00; 1467299727.78
8382.00; 5453.00; 4972.00; 6534.00; 1467299727.78
8390.00; 5449.00; 4980.00; 6518.00; 1467299727.80
8390.00; 5449.00; 4980.00; 6518.00; 1467299727.80
8383.00; 5451.00; 4970.00; 6524.00; 1467299727.82
8386.00; 5455.00; 4979.00; 6520.00; 1467299727.82
8386.00; 5455.00; 4979.00; 6520.00; 1467299727.84
8390.00; 5447.00; 4977.00; 6522.00; 1467299727.84
8385.00; 5456.00; 4976.00; 6524.00; 1467299727.86
8385.00; 5456.00; 4976.00; 6524.00; 1467299727.86
8393.00; 5447.00; 4976.00; 6531.00; 1467299727.88
8393.00; 5447.00; 4976.00; 6531.00; 1467299727.88
8388.00; 5448.00; 4973.00; 6524.00; 1467299727.90
8389.00; 5454.00; 4972.00; 6522.00; 1467299727.90
8389.00; 5454.00; 4972.00; 6522.00; 1467299727.92
8386.00; 5456.00; 4972.00; 6525.00; 1467299727.92
8392.00; 5455.00; 4973.00; 6525.00; 1467299727.94
8392.00; 5455.00; 4973.00; 6525.00; 1467299727.94
8387.00; 5445.00; 4976.00; 6523.00; 1467299727.96
8387.00; 5445.00; 4976.00; 6523.00; 1467299727.96
8385.00; 5449.00; 4977.00; 6522.00; 1467299727.98
8392.00; 5453.00; 4971.00; 6529.00; 1467299727.98
8392.00; 5453.00; 4971.00; 6529.00; 1467299728.00
8390.00; 5449.00; 4977.00; 6522.00; 1467299728.00
8388.00; 5451.00; 4973.00; 6526.00; 1467299728.02
8388.00; 5451.00; 4973.00; 6526.00; 1467299728.02
8392.00; 5452.00; 4972.00; 6522.00; 1467299728.04
8392.00; 5452.00; 4972.00; 6522.00; 1467299728.05
8390.00; 5449.00; 4978.00; 6524.00; 1467299728.06
8386.00; 5443.00; 4975.00; 6523.00; 1467299728.07
8386.00; 5443.00; 4975.00; 6523.00; 1467299728.08
8386.00; 5450.00; 4979.00; 6523.00; 1467299728.09
8388.00; 5456.00; 4973.00; 6529.00; 1467299728.10
8388.00; 5456.00; 4973.00; 6529.00; 1467299728.11
8386.00; 5448.00; 4968.00; 6523.00; 1467299728.12
8386.00; 5451.00; 4970.00; 6523.00; 1467299728.13
8386.00; 5451.00; 4970.00; 6523.00; 1467299728.14
8390.00; 5453.00; 4970.00; 6521.00; 1467299728.15
8390.00; 5453.00; 4970.00; 6521.00; 1467299728.16
8384.00; 5447.00; 4977.00; 6523.00; 1467299728.17
8396.00; 5444.00; 4976.00; 6528.00; 1467299728.18
8396.00; 5444.00; 4976.00; 6528.00; 1467299728.19
8392.00; 5447.00; 4974.00; 6527.00; 1467299728.20
8390.00; 5450.00; 4974.00; 6531.00; 1467299728.21
8390.00; 5450.00; 4974.00; 6531.00; 1467299728.22
8378.00; 5451.00; 4974.00; 6525.00; 1467299728.23
8378.00; 5451.00; 4974.00; 6525.00; 1467299728.24
8388.00; 5453.00; 4974.00; 6524.00; 1467299728.25
8391.00; 5451.00; 4975.00; 6528.00; 1467299728.27
8391.00; 5451.00; 4975.00; 6528.00; 1467299728.27
8388.00; 5455.00; 4975.00; 6519.00; 1467299728.28
8388.00; 5455.00; 4975.00; 6519.00; 1467299728.29
8387.00; 5449.00; 4974.00; 6528.00; 1467299728.30
8390.00; 5457.00; 4974.00; 6525.00; 1467299728.31
8390.00; 5457.00; 4974.00; 6525.00; 1467299728.33
8388.00; 5450.00; 4985.00; 6525.00; 1467299728.33
8391.00; 5454.00; 4975.00; 6524.00; 1467299728.35
8391.00; 5454.00; 4975.00; 6524.00; 1467299728.35
8388.00; 5452.00; 4978.00; 6529.00; 1467299728.36
8388.00; 5452.00; 4978.00; 6529.00; 1467299728.37
8390.00; 5458.00; 4975.00; 6512.00; 1467299728.39
8386.00; 5447.00; 4974.00; 6529.00; 1467299728.39
8386.00; 5447.00; 4974.00; 6529.00; 1467299728.41
8385.00; 5450.00; 4971.00; 6525.00; 1467299728.41
8388.00; 5458.00; 4977.00; 6526.00; 1467299728.43
8388.00; 5458.00; 4977.00; 6526.00; 1467299728.43
8389.00; 5450.00; 4974.00; 6523.00; 1467299728.45
8389.00; 5450.00; 4974.00; 6523.00; 1467299728.45
8385.00; 5450.00; 4980.00; 6523.00; 1467299728.47
8388.00; 5448.00; 4968.00; 6523.00; 1467299728.47
8388.00; 5448.00; 4968.00; 6523.00; 1467299728.48
8388.00; 5453.00; 4975.00; 6520.00; 1467299728.49
8388.00; 5453.00; 4975.00; 6520.00; 1467299728.50
8385.00; 5450.00; 4977.00; 6522.00; 1467299728.51
8387.00; 5455.00; 4974.00; 6530.00; 1467299728.53
8387.00; 5455.00; 4974.00; 6530.00; 1467299728.53
8384.00; 5453.00; 4972.00; 6531.00; 1467299728.55
8389.00; 5451.00; 4968.00; 6525.00; 1467299728.55
8389.00; 5451.00; 4968.00; 6525.00; 1467299728.57
8384.00; 5451.00; 4975.00; 6531.00; 1467299728.57
8384.00; 5451.00; 4975.00; 6531.00; 1467299728.59
8385.00; 5456.00; 4970.00; 6526.00; 1467299728.59
8389.00; 5455.00; 4975.00; 6523.00; 1467299728.60
8389.00; 5455.00; 4975.00; 6523.00; 1467299728.61
8384.00; 5449.00; 4977.00; 6530.00; 1467299728.63
8387.00; 5456.00; 4972.00; 6528.00; 1467299728.63
8387.00; 5456.00; 4972.00; 6528.00; 1467299728.65
8389.00; 5450.00; 4975.00; 6530.00; 1467299728.65
8389.00; 5450.00; 4975.00; 6530.00; 1467299728.67
8388.00; 5454.00; 4972.00; 6528.00; 1467299728.67
8391.00; 5450.00; 4971.00; 6525.00; 1467299728.69
8391.00; 5450.00; 4971.00; 6525.00; 1467299728.69
8381.00; 5452.00; 4974.00; 6523.00; 1467299728.71
8390.00; 5451.00; 4968.00; 6527.00; 1467299728.71
8390.00; 5451.00; 4968.00; 6527.00; 1467299728.73
8390.00; 5456.00; 4977.00; 6528.00; 1467299728.73
8390.00; 5456.00; 4977.00; 6528.00; 1467299728.75
8388.00; 5456.00; 4968.00; 6526.00; 1467299728.75
8381.00; 5449.00; 4977.00; 6521.00; 1467299728.77
8381.00; 5449.00; 4977.00; 6521.00; 1467299728.77
8382.00; 5446.00; 4971.00; 6523.00; 1467299728.79
8391.00; 5453.00; 4973.00; 6524.00; 1467299728.79
8391.00; 5453.00; 4973.00; 6524.00; 1467299728.81
8393.00; 5453.00; 4973.00; 6521.00; 1467299728.81
8393.00; 5453.00; 4973.00; 6521.00; 1467299728.83
8392.00; 5456.00; 4972.00; 6523.00; 1467299728.83
8389.00; 5449.00; 4976.00; 6521.00; 1467299728.85
8389.00; 5449.00; 4976.00; 6521.00; 1467299728.85
8383.00; 5445.00; 4973.00; 6522.00; 1467299728.87
8383.00; 5445.00; 4973.00; 6522.00; 1467299728.87
8385.00; 5450.00; 4972.00; 6520.00; 1467299728.89
8389.00; 5456.00; 4979.00; 6524.00; 1467299728.89
8389.00; 5456.00; 4979.00; 6524.00; 1467299728.91
8383.00; 5453.00; 4969.00; 6527.00; 1467299728.91
8386.00; 5450.00; 4979.00; 6528.00; 1467299728.93
8386.00; 5450.00; 4979.00; 6528.00; 1467299728.93
8383.00; 5452.00; 4976.00; 6526.00; 1467299728.95
8388.00; 5448.00; 4977.00; 6521.00; 1467299728.95
8388.00; 5448.00; 4977.00; 6521.00; 1467299728.97
8390.00; 5447.00; 4976.00; 6526.00; 1467299728.97
8390.00; 5447.00; 4976.00; 6526.00; 1467299728.99
8387.00; 5455.00; 4975.00; 6523.00; 1467299728.99
8388.00; 5448.00; 4978.00; 6527.00; 1467299729.01
8388.00; 5448.00; 4978.00; 6527.00; 1467299729.01
8392.00; 5450.00; 4980.00; 6522.00; 1467299729.03
8391.00; 5446.00; 4972.00; 6529.00; 1467299729.03
8391.00; 5446.00; 4972.00; 6529.00; 1467299729.05
8387.00; 5456.00; 4976.00; 6527.00; 1467299729.05
8387.00; 5456.00; 4976.00; 6527.00; 1467299729.07
8388.00; 5457.00; 4973.00; 6526.00; 1467299729.07
8386.00; 5452.00; 4973.00; 6525.00; 1467299729.09
8386.00; 5452.00; 4973.00; 6525.00; 1467299729.09
8390.00; 5453.00; 4977.00; 6531.00; 1467299729.11
8390.00; 5453.00; 4977.00; 6531.00; 1467299729.11
8386.00; 5454.00; 4972.00; 6526.00; 1467299729.13
8385.00; 5455.00; 4975.00; 6525.00; 1467299729.13
8385.00; 5455.00; 4975.00; 6525.00; 1467299729.15
8389.00; 5452.00; 4973.00; 6524.00; 1467299729.15
8388.00; 5450.00; 4973.00; 6523.00; 1467299729.17
8388.00; 5450.00; 4973.00; 6523.00; 1467299729.17
8388.00; 5450.00; 4980.00; 6528.00; 1467299729.19
8388.00; 5450.00; 4980.00; 6528.00; 1467299729.19
8387.00; 5452.00; 4977.00; 6519.00; 1467299729.21
8389.00; 5452.00; 4972.00; 6525.00; 1467299729.21
8389.00; 5452.00; 4972.00; 6525.00; 1467299729.23
8389.00; 5451.00; 4975.00; 6526.00; 1467299729.23
8389.00; 5451.00; 4975.00; 6525.00; 1467299729.25
8389.00; 5451.00; 4975.00; 6525.00; 1467299729.25
8389.00; 5446.00; 4979.00; 6519.00; 1467299729.27
8389.00; 5446.00; 4979.00; 6519.00; 1467299729.27
8389.00; 5448.00; 4975.00; 6518.00; 1467299729.29
8390.00; 5454.00; 4977.00; 6526.00; 1467299729.29
8390.00; 5454.00; 4977.00; 6526.00; 1467299729.31
8387.00; 5450.00; 4978.00; 6528.00; 1467299729.31
8387.00; 5450.00; 4978.00; 6528.00; 1467299729.33
8384.00; 5451.00; 4980.00; 6524.00; 1467299729.33
8388.00; 5457.00; 4973.00; 6527.00; 1467299729.35
8388.00; 5457.00; 4973.00; 6527.00; 1467299729.35
8386.00; 5447.00; 4977.00; 6526.00; 1467299729.37
8382.00; 5450.00; 4973.00; 6528.00; 1467299729.37
8382.00; 5450.00; 4973.00; 6528.00; 1467299729.39
8385.00; 5445.00; 4973.00; 6526.00; 1467299729.39
8385.00; 5445.00; 4973.00; 6526.00; 1467299729.41
8394.00; 5450.00; 4973.00; 6526.00; 1467299729.41
8384.00; 5455.00; 4971.00; 6522.00; 1467299729.43
8384.00; 5455.00; 4971.00; 6522.00; 1467299729.43
8388.00; 5455.00; 4978.00; 6527.00; 1467299729.45
8388.00; 5455.00; 4978.00; 6527.00; 1467299729.45
8392.00; 5450.00; 4975.00; 6525.00; 1467299729.47
8384.00; 5449.00; 4973.00; 6522.00; 1467299729.47
8384.00; 5449.00; 4973.00; 6522.00; 1467299729.49
8387.00; 5454.00; 4972.00; 6521.00; 1467299729.49
8387.00; 5453.00; 4974.00; 6527.00; 1467299729.51
8387.00; 5453.00; 4974.00; 6527.00; 1467299729.51
8388.00; 5451.00; 4974.00; 6524.00; 1467299729.53
8388.00; 5451.00; 4974.00; 6524.00; 1467299729.53
8386.00; 5453.00; 4976.00; 6524.00; 1467299729.55
8377.00; 5453.00; 4975.00; 6524.00; 1467299729.55
8377.00; 5453.00; 4975.00; 6524.00; 1467299729.57
8388.00; 5448.00; 4978.00; 6520.00; 1467299729.57
8383.00; 5450.00; 4976.00; 6530.00; 1467299729.59
8383.00; 5450.00; 4976.00; 6530.00; 1467299729.59
8387.00; 5458.00; 4974.00; 6522.00; 1467299729.61
8387.00; 5458.00; 4974.00; 6522.00; 1467299729.61
8391.00; 5454.00; 4975.00; 6523.00; 1467299729.63
8386.00; 5453.00; 4974.00; 6525.00; 1467299729.63
8386.00; 5453.00; 4974.00; 6525.00; 1467299729.65
8396.00; 5453.00; 4976.00; 6526.00; 1467299729.65
8396.00; 5453.00; 4976.00; 6526.00; 1467299729.67
8388.00; 5453.00; 4977.00; 6526.00; 1467299729.67
8387.00; 5453.00; 4974.00; 6525.00; 1467299729.69
8387.00; 5453.00; 4974.00; 6525.00; 1467299729.69
8387.00; 5453.00; 4970.00; 6520.00; 1467299729.71
8388.00; 5458.00; 4971.00; 6522.00; 1467299729.71
8388.00; 5458.00; 4971.00; 6522.00; 1467299729.73
8380.00; 5453.00; 4971.00; 6522.00; 1467299729.73
8380.00; 5453.00; 4971.00; 6522.00; 1467299729.75
8389.00; 5451.00; 4973.00; 6523.00; 1467299729.75
8388.00; 5454.00; 4980.00; 6524.00; 1467299729.77
8388.00; 5454.00; 4980.00; 6524.00; 1467299729.77
8387.00; 5453.00; 4972.00; 6530.00; 1467299729.79
8387.00; 5453.00; 4979.00; 6525.00; 1467299729.79
8387.00; 5453.00; 4979.00; 6525.00; 1467299729.81
8389.00; 5454.00; 4977.00; 6527.00; 1467299729.81
8389.00; 5454.00; 4977.00; 6527.00; 1467299729.83
8390.00; 5453.00; 4977.00; 6527.00; 1467299729.83
8385.00; 5450.00; 4976.00; 6521.00; 1467299729.85
8385.00; 5450.00; 4976.00; 6521.00; 1467299729.85
8382.00; 5450.00; 4976.00; 6528.00; 1467299729.87
8382.00; 5450.00; 4976.00; 6528.00; 1467299729.88
8387.00; 5451.00; 4975.00; 6531.00; 1467299729.89
8385.00; 5455.00; 4973.00; 6526.00; 1467299729.89
8385.00; 5455.00; 4973.00; 6526.00; 1467299729.91
8391.00; 5455.00; 4971.00; 6525.00; 1467299729.91
8389.00; 5449.00; 4972.00; 6528.00; 1467299729.93
8389.00; 5449.00; 4972.00; 6528.00; 1467299729.93
8391.00; 5454.00; 4979.00; 6523.00; 1467299729.95
8385.00; 5449.00; 4974.00; 6521.00; 1467299729.95
8385.00; 5449.00; 4974.00; 6521.00; 1467299729.97
8388.00; 5453.00; 4974.00; 6528.00; 1467299729.97
8388.00; 5453.00; 4974.00; 6528.00; 1467299729.99
8390.00; 5447.00; 4974.00; 6527.00; 1467299730.00
8383.00; 5449.00; 4981.00; 6521.00; 1467299730.01
8383.00; 5449.00; 4981.00; 6521.00; 1467299730.02
8379.00; 5446.00; 4980.00; 6524.00; 1467299730.03
8382.00; 5455.00; 4974.00; 6524.00; 1467299730.03
8382.00; 5455.00; 4974.00; 6524.00; 1467299730.05
8382.00; 5453.00; 4975.00; 6532.00; 1467299730.06
8382.00; 5453.00; 4975.00; 6532.00; 1467299730.07
8388.00; 5452.00; 4978.00; 6529.00; 1467299730.08
8385.00; 5451.00; 4977.00; 6523.00; 1467299730.09
8385.00; 5451.00; 4977.00; 6523.00; 1467299730.10
8387.00; 5454.00; 4969.00; 6521.00; 1467299730.11
8387.00; 5450.00; 4972.00; 6528.00; 1467299730.12
8387.00; 5450.00; 4972.00; 6528.00; 1467299730.13
8390.00; 5455.00; 4976.00; 6524.00; 1467299730.14
8390.00; 5455.00; 4976.00; 6524.00; 1467299730.15
8386.00; 5453.00; 4974.00; 6525.00; 1467299730.16
