TL,TR, BL, BR, time 
8390.00; 5474.00; 4981.00; 6528.00,   0.04
8392.00; 5479.00; 4972.00; 6535.00,   0.04
8392.00; 5479.00; 4972.00; 6535.00,   0.04
8389.00; 5482.00; 4981.00; 6537.00,   0.04
8387.00; 5474.00; 4981.00; 6530.00,   0.04
8387.00; 5474.00; 4981.00; 6530.00,   0.04
8392.00; 5476.00; 4973.00; 6533.00,   0.04
8396.00; 5479.00; 4973.00; 6529.00,   0.04
8396.00; 5479.00; 4973.00; 6529.00,   0.04
8397.00; 5473.00; 4979.00; 6531.00,   0.04
8397.00; 5473.00; 4979.00; 6531.00,   0.04
8392.00; 5483.00; 4975.00; 6530.00,   0.04
8393.00; 5486.00; 4975.00; 6532.00,   0.04
8393.00; 5486.00; 4975.00; 6532.00,   0.04
8394.00; 5479.00; 4979.00; 6525.00,   0.04
8396.00; 5483.00; 4979.00; 6533.00,   0.04
8396.00; 5483.00; 4979.00; 6533.00,   0.04
8391.00; 5484.00; 4978.00; 6534.00,   0.04
8391.00; 5484.00; 4978.00; 6534.00,   0.04
8395.00; 5486.00; 4983.00; 6537.00,   0.04
8399.00; 5485.00; 4974.00; 6532.00,   0.04
8399.00; 5485.00; 4974.00; 6532.00,   0.04
8393.00; 5481.00; 4974.00; 6531.00,   0.04
8393.00; 5481.00; 4974.00; 6531.00,   0.04
8395.00; 5479.00; 4978.00; 6538.00,   0.04
8388.00; 5478.00; 4975.00; 6536.00,   0.04
8388.00; 5478.00; 4975.00; 6536.00,   0.04
8394.00; 5478.00; 4971.00; 6532.00,   0.04
8388.00; 5477.00; 4977.00; 6531.00,   0.04
8388.00; 5477.00; 4977.00; 6531.00,   0.04
8397.00; 5476.00; 4971.00; 6532.00,   0.04
8393.00; 5476.00; 4981.00; 6530.00,   0.04
8393.00; 5473.00; 4981.00; 6530.00,   0.04
8391.00; 5477.00; 4981.00; 6532.00,   0.04
8391.00; 5477.00; 4981.00; 6532.00,   0.04
8395.00; 5475.00; 4978.00; 6529.00,   0.04
8396.00; 5475.00; 4980.00; 6529.00,   0.04
8396.00; 5475.00; 4980.00; 6529.00,   0.04
8397.00; 5479.00; 4980.00; 6528.00,   0.04
8397.00; 5479.00; 4980.00; 6528.00,   0.04
8394.00; 5481.00; 4984.00; 6532.00,   0.04
8394.00; 5484.00; 4983.00; 6532.00,   0.04
8394.00; 5484.00; 4983.00; 6532.00,   0.04
8391.00; 5482.00; 4980.00; 6530.00,   0.04
8395.00; 5481.00; 4979.00; 6533.00,   0.04
8395.00; 5481.00; 4979.00; 6533.00,   0.04
8390.00; 5483.00; 4981.00; 6533.00,   0.04
8394.00; 5486.00; 4980.00; 6534.00,   0.04
8394.00; 5486.00; 4980.00; 6534.00,   0.04
8393.00; 5478.00; 4979.00; 6533.00,   0.04
8393.00; 5478.00; 4979.00; 6533.00,   0.04
8392.00; 5478.00; 4978.00; 6530.00,   0.04
8393.00; 5480.00; 4973.00; 6535.00,   0.04
8393.00; 5480.00; 4973.00; 6535.00,   0.04
8394.00; 5479.00; 4973.00; 6531.00,   0.04
8392.00; 5474.00; 4972.00; 6531.00,   0.04
8391.00; 5482.00; 4978.00; 6532.00,   0.04
8391.00; 5482.00; 4978.00; 6532.00,   0.04
8394.00; 5480.00; 4976.00; 6530.00,   0.04
8395.00; 5476.00; 4979.00; 6532.00,   0.04
8395.00; 5476.00; 4979.00; 6532.00,   0.04
8391.00; 5477.00; 4980.00; 6535.00,   0.04
8397.00; 5477.00; 4979.00; 6533.00,   0.04
8397.00; 5474.00; 4979.00; 6533.00,   0.04
8402.00; 5481.00; 4973.00; 6526.00,   0.04
8402.00; 5481.00; 4973.00; 6526.00,   0.04
8394.00; 5476.00; 4977.00; 6536.00,   0.04
8396.00; 5481.00; 4981.00; 6538.00,   0.04
8396.00; 5481.00; 4981.00; 6538.00,   0.04
8401.00; 5479.00; 4980.00; 6536.00,   0.04
8401.00; 5479.00; 4980.00; 6536.00,   0.04
8396.00; 5477.00; 4971.00; 6530.00,   0.04
8397.00; 5479.00; 4978.00; 6530.00,   0.04
8397.00; 5479.00; 4978.00; 6530.00,   0.04
8392.00; 5476.00; 4977.00; 6533.00,   0.04
8392.00; 5485.00; 4972.00; 6532.00,   0.04
8392.00; 5485.00; 4972.00; 6532.00,   0.04
8398.00; 5475.00; 4978.00; 6532.00,   0.04
8398.00; 5475.00; 4978.00; 6532.00,   0.04
8398.00; 5474.00; 4979.00; 6532.00,   0.04
8398.00; 5483.00; 4981.00; 6533.00,   0.04
8398.00; 5483.00; 4981.00; 6533.00,   0.04
8393.00; 5479.00; 4979.00; 6529.00,   0.04
8392.00; 5477.00; 4975.00; 6536.00,   0.04
8392.00; 5477.00; 4975.00; 6536.00,   0.04
8393.00; 5473.00; 4975.00; 6535.00,   0.04
8393.00; 5473.00; 4975.00; 6535.00,   0.04
8392.00; 5471.00; 4968.00; 6533.00,   0.04
8392.00; 5475.00; 4971.00; 6535.00,   0.04
8392.00; 5475.00; 4971.00; 6535.00,   0.04
8398.00; 5479.00; 4983.00; 6535.00,   0.04
8398.00; 5485.00; 4976.00; 6539.00,   0.04
8398.00; 5485.00; 4976.00; 6539.00,   0.04
8396.00; 5478.00; 4980.00; 6534.00,   0.04
8396.00; 5478.00; 4980.00; 6534.00,   0.04
8399.00; 5480.00; 4980.00; 6536.00,   0.04
8394.00; 5484.00; 4980.00; 6534.00,   0.04
8394.00; 5484.00; 4980.00; 6534.00,   0.04
8401.00; 5480.00; 4979.00; 6533.00,   0.04
8394.00; 5477.00; 4977.00; 6535.00,   0.04
8394.00; 5477.00; 4977.00; 6535.00,   0.04
8392.00; 5474.00; 4981.00; 6535.00,   0.04
8392.00; 5474.00; 4981.00; 6535.00,   0.04
8398.00; 5485.00; 4976.00; 6535.00,   0.04
8400.00; 5475.00; 4974.00; 6537.00,   0.04
8400.00; 5475.00; 4974.00; 6537.00,   0.04
8392.00; 5481.00; 4975.00; 6525.00,   0.04
8399.00; 5478.00; 4980.00; 6533.00,   0.04
8399.00; 5478.00; 4980.00; 6533.00,   0.04
8393.00; 5480.00; 4973.00; 6532.00,   0.04
8393.00; 5480.00; 4973.00; 6532.00,   0.04
8396.00; 5477.00; 4972.00; 6536.00,   0.04
8394.00; 5479.00; 4973.00; 6531.00,   0.04
8394.00; 5479.00; 4973.00; 6531.00,   0.04
8390.00; 5479.00; 4983.00; 6534.00,   0.04
8390.00; 5479.00; 4983.00; 6534.00,   0.04
8393.00; 5481.00; 4977.00; 6537.00,   0.04
8393.00; 5481.00; 4978.00; 6532.00,   0.04
8393.00; 5481.00; 4978.00; 6532.00,   0.04
8393.00; 5482.00; 4975.00; 6533.00,   0.04
8398.00; 5479.00; 4981.00; 6536.00,   0.04
8398.00; 5479.00; 4981.00; 6536.00,   0.04
8394.00; 5484.00; 4981.00; 6538.00,   0.04
8394.00; 5484.00; 4981.00; 6538.00,   0.04
8393.00; 5485.00; 4983.00; 6533.00,   0.04
8393.00; 5478.00; 4975.00; 6531.00,   0.04
8393.00; 5478.00; 4975.00; 6531.00,   0.04
8394.00; 5480.00; 4979.00; 6536.00,   0.04
8384.00; 5478.00; 4980.00; 6531.00,   0.04
8384.00; 5478.00; 4980.00; 6531.00,   0.04
8392.00; 5475.00; 4976.00; 6530.00,   0.04
8392.00; 5475.00; 4976.00; 6530.00,   0.04
8391.00; 5473.00; 4971.00; 6536.00,   0.04
8393.00; 5481.00; 4984.00; 6538.00,   0.04
8393.00; 5481.00; 4984.00; 6538.00,   0.04
8393.00; 5478.00; 4980.00; 6531.00,   0.04
8400.00; 5483.00; 4976.00; 6536.00,   0.04
8400.00; 5483.00; 4976.00; 6536.00,   0.04
8394.00; 5483.00; 4980.00; 6538.00,   0.04
8390.00; 5483.00; 4981.00; 6538.00,   0.04
8390.00; 5476.00; 4981.00; 6529.00,   0.05
8399.00; 5484.00; 4977.00; 6530.00,   0.05
8399.00; 5484.00; 4977.00; 6530.00,   0.05
8399.00; 5479.00; 4981.00; 6535.00,   0.05
8397.00; 5485.00; 4981.00; 6537.00,   0.05
8397.00; 5485.00; 4981.00; 6537.00,   0.05
8395.00; 5475.00; 4976.00; 6533.00,   0.05
8395.00; 5475.00; 4976.00; 6533.00,   0.05
8401.00; 5487.00; 4979.00; 6538.00,   0.05
8401.00; 5490.00; 4981.00; 6528.00,   0.05
8401.00; 5490.00; 4981.00; 6528.00,   0.05
8398.00; 5491.00; 4983.00; 6534.00,   0.05
8405.00; 5485.00; 4987.00; 6539.00,   0.05
8405.00; 5485.00; 4987.00; 6539.00,   0.05
8403.00; 5489.00; 4982.00; 6537.00,   0.05
8403.00; 5489.00; 4982.00; 6537.00,   0.05
8403.00; 5486.00; 4980.00; 6534.00,   0.05
8402.00; 5485.00; 4982.00; 6538.00,   0.05
8402.00; 5485.00; 4982.00; 6538.00,   0.05
8396.00; 5486.00; 4978.00; 6533.00,   0.05
8396.00; 5486.00; 4978.00; 6533.00,   0.05
8396.00; 5483.00; 4977.00; 6539.00,   0.05
8396.00; 5482.00; 4978.00; 6534.00,   0.05
8396.00; 5482.00; 4978.00; 6534.00,   0.05
8395.00; 5484.00; 4979.00; 6530.00,   0.05
8401.00; 5480.00; 4975.00; 6535.00,   0.05
8401.00; 5480.00; 4975.00; 6535.00,   0.05
8401.00; 5479.00; 4984.00; 6532.00,   0.05
8401.00; 5479.00; 4984.00; 6532.00,   0.05
8392.00; 5486.00; 4976.00; 6532.00,   0.05
8388.00; 5478.00; 4972.00; 6531.00,   0.05
8388.00; 5478.00; 4972.00; 6531.00,   0.05
8390.00; 5476.00; 4971.00; 6530.00,   0.05
8392.00; 5476.00; 4975.00; 6534.00,   0.05
8392.00; 5478.00; 4975.00; 6534.00,   0.05
8390.00; 5480.00; 4970.00; 6529.00,   0.05
8390.00; 5480.00; 4970.00; 6529.00,   0.05
8392.00; 5478.00; 4977.00; 6535.00,   0.05
8386.00; 5470.00; 4976.00; 6529.00,   0.05
8386.00; 5470.00; 4976.00; 6529.00,   0.05
8384.00; 5476.00; 4971.00; 6528.00,   0.05
8384.00; 5476.00; 4971.00; 6528.00,   0.05
8386.00; 5475.00; 4971.00; 6535.00,   0.05
8390.00; 5475.00; 4972.00; 6532.00,   0.05
8390.00; 5475.00; 4972.00; 6532.00,   0.05
8389.00; 5480.00; 4973.00; 6526.00,   0.05
8387.00; 5472.00; 4972.00; 6529.00,   0.05
8387.00; 5472.00; 4972.00; 6529.00,   0.05
8386.00; 5475.00; 4976.00; 6529.00,   0.05
8386.00; 5475.00; 4976.00; 6529.00,   0.05
8388.00; 5471.00; 4977.00; 6527.00,   0.05
8387.00; 5475.00; 4976.00; 6527.00,   0.05
8387.00; 5475.00; 4976.00; 6527.00,   0.05
8388.00; 5479.00; 4979.00; 6530.00,   0.05
8388.00; 5479.00; 4979.00; 6530.00,   0.05
8389.00; 5469.00; 4977.00; 6527.00,   0.05
8382.00; 5470.00; 4975.00; 6528.00,   0.05
8382.00; 5470.00; 4975.00; 6528.00,   0.05
8383.00; 5468.00; 4977.00; 6526.00,   0.05
8388.00; 5470.00; 4974.00; 6522.00,   0.05
8388.00; 5470.00; 4974.00; 6522.00,   0.05
8387.00; 5474.00; 4971.00; 6526.00,   0.05
8387.00; 5474.00; 4971.00; 6526.00,   0.05
8387.00; 5476.00; 4969.00; 6526.00,   0.05
8383.00; 5469.00; 4976.00; 6528.00,   0.05
8383.00; 5469.00; 4976.00; 6528.00,   0.05
8384.00; 5468.00; 4972.00; 6523.00,   0.05
8384.00; 5468.00; 4969.00; 6523.00,   0.05
8384.00; 5468.00; 4969.00; 6527.00,   0.05
8384.00; 5468.00; 4973.00; 6519.00,   0.05
8384.00; 5468.00; 4973.00; 6519.00,   0.05
8381.00; 5472.00; 4964.00; 6526.00,   0.05
8383.00; 5471.00; 4972.00; 6521.00,   0.05
8383.00; 5471.00; 4972.00; 6521.00,   0.05
8382.00; 5472.00; 4965.00; 6532.00,   0.05
8382.00; 5472.00; 4965.00; 6532.00,   0.05
8382.00; 5473.00; 4971.00; 6525.00,   0.05
8385.00; 5472.00; 4965.00; 6523.00,   0.05
8385.00; 5472.00; 4965.00; 6523.00,   0.05
8380.00; 5473.00; 4972.00; 6517.00,   0.05
8385.00; 5473.00; 4968.00; 6525.00,   0.05
8385.00; 5473.00; 4968.00; 6525.00,   0.05
8383.00; 5472.00; 4968.00; 6523.00,   0.05
8383.00; 5472.00; 4968.00; 6523.00,   0.05
8388.00; 5472.00; 4969.00; 6521.00,   0.05
8385.00; 5469.00; 4971.00; 6523.00,   0.05
8385.00; 5469.00; 4971.00; 6523.00,   0.06
8389.00; 5480.00; 4969.00; 6519.00,   0.06
8389.00; 5480.00; 4969.00; 6519.00,   0.06
8386.00; 5476.00; 4969.00; 6523.00,   0.06
8386.00; 5467.00; 4971.00; 6526.00,   0.06
8386.00; 5467.00; 4971.00; 6526.00,   0.06
8384.00; 5472.00; 4968.00; 6517.00,   0.06
8381.00; 5474.00; 4966.00; 6526.00,   0.06
8381.00; 5474.00; 4966.00; 6526.00,   0.06
8388.00; 5477.00; 4969.00; 6524.00,   0.06
8388.00; 5477.00; 4969.00; 6524.00,   0.06
8383.00; 5466.00; 4970.00; 6522.00,   0.06
8383.00; 5470.00; 4972.00; 6523.00,   0.06
8383.00; 5470.00; 4972.00; 6523.00,   0.06
8386.00; 5475.00; 4971.00; 6518.00,   0.06
8383.00; 5473.00; 4967.00; 6519.00,   0.06
8383.00; 5473.00; 4967.00; 6519.00,   0.06
8383.00; 5472.00; 4971.00; 6521.00,   0.06
8383.00; 5472.00; 4971.00; 6521.00,   0.06
8377.00; 5477.00; 4968.00; 6519.00,   0.06
8381.00; 5462.00; 4967.00; 6527.00,   0.06
8381.00; 5462.00; 4967.00; 6527.00,   0.06
8384.00; 5472.00; 4968.00; 6521.00,   0.06
8384.00; 5472.00; 4968.00; 6521.00,   0.06
8376.00; 5473.00; 4962.00; 6526.00,   0.06
8380.00; 5470.00; 4970.00; 6518.00,   0.06
8380.00; 5470.00; 4970.00; 6518.00,   0.06
8387.00; 5470.00; 4962.00; 6514.00,   0.06
8380.00; 5467.00; 4972.00; 6521.00,   0.06
8380.00; 5467.00; 4972.00; 6521.00,   0.06
8377.00; 5466.00; 4961.00; 6518.00,   0.06
8377.00; 5466.00; 4961.00; 6518.00,   0.06
8375.00; 5463.00; 4968.00; 6523.00,   0.06
8383.00; 5464.00; 4967.00; 6517.00,   0.06
8383.00; 5464.00; 4967.00; 6517.00,   0.06
8377.00; 5469.00; 4962.00; 6521.00,   0.06
8379.00; 5466.00; 4966.00; 6521.00,   0.06
8379.00; 5466.00; 4966.00; 6521.00,   0.06
8378.00; 5470.00; 4964.00; 6521.00,   0.06
8378.00; 5470.00; 4964.00; 6521.00,   0.06
8376.00; 5465.00; 4971.00; 6516.00,   0.06
8378.00; 5463.00; 4975.00; 6525.00,   0.06
8378.00; 5463.00; 4975.00; 6525.00,   0.06
8380.00; 5467.00; 4967.00; 6518.00,   0.06
8380.00; 5467.00; 4967.00; 6518.00,   0.06
8381.00; 5461.00; 4967.00; 6516.00,   0.06
8380.00; 5466.00; 4968.00; 6524.00,   0.06
8380.00; 5466.00; 4968.00; 6524.00,   0.06
8376.00; 5461.00; 4964.00; 6522.00,   0.06
8382.00; 5465.00; 4967.00; 6520.00,   0.06
8382.00; 5465.00; 4967.00; 6520.00,   0.06
8382.00; 5472.00; 4969.00; 6522.00,   0.06
8382.00; 5472.00; 4969.00; 6522.00,   0.06
8375.00; 5468.00; 4962.00; 6522.00,   0.06
8378.00; 5466.00; 4966.00; 6527.00,   0.06
8378.00; 5466.00; 4966.00; 6527.00,   0.06
8376.00; 5465.00; 4962.00; 6518.00,   0.06
8376.00; 5466.00; 4971.00; 6521.00,   0.06
8376.00; 5466.00; 4971.00; 6521.00,   0.06
8381.00; 5461.00; 4964.00; 6515.00,   0.06
8381.00; 5461.00; 4964.00; 6515.00,   0.06
8381.00; 5468.00; 4968.00; 6519.00,   0.06
8382.00; 5467.00; 4968.00; 6520.00,   0.06
8382.00; 5467.00; 4968.00; 6520.00,   0.06
8385.00; 5469.00; 4964.00; 6518.00,   0.06
8382.00; 5467.00; 4966.00; 6520.00,   0.06
8382.00; 5467.00; 4966.00; 6520.00,   0.06
8385.00; 5464.00; 4971.00; 6522.00,   0.06
8385.00; 5464.00; 4971.00; 6522.00,   0.06
8380.00; 5467.00; 4963.00; 6522.00,   0.06
8387.00; 5472.00; 4968.00; 6520.00,   0.06
8387.00; 5472.00; 4968.00; 6520.00,   0.06
8381.00; 5472.00; 4962.00; 6516.00,   0.06
8380.00; 5467.00; 4960.00; 6520.00,   0.06
8380.00; 5467.00; 4960.00; 6520.00,   0.06
8381.00; 5464.00; 4969.00; 6518.00,   0.06
8381.00; 5464.00; 4969.00; 6518.00,   0.06
8382.00; 5468.00; 4964.00; 6522.00,   0.06
8377.00; 5466.00; 4963.00; 6518.00,   0.06
8377.00; 5466.00; 4963.00; 6518.00,   0.06
8382.00; 5464.00; 4963.00; 6517.00,   0.06
8381.00; 5464.00; 4963.00; 6522.00,   0.06
8381.00; 5465.00; 4963.00; 6522.00,   0.06
8379.00; 5469.00; 4964.00; 6514.00,   0.06
8379.00; 5469.00; 4964.00; 6514.00,   0.06
8385.00; 5474.00; 4964.00; 6521.00,   0.07
8378.00; 5466.00; 4969.00; 6518.00,   0.07
8378.00; 5466.00; 4969.00; 6518.00,   0.07
8385.00; 5465.00; 4964.00; 6522.00,   0.07
8379.00; 5466.00; 4959.00; 6522.00,   0.07
8379.00; 5466.00; 4959.00; 6522.00,   0.07
8379.00; 5469.00; 4962.00; 6521.00,   0.07
8379.00; 5469.00; 4962.00; 6521.00,   0.07
8380.00; 5464.00; 4960.00; 6526.00,   0.07
8378.00; 5464.00; 4970.00; 6525.00,   0.07
8378.00; 5464.00; 4970.00; 6525.00,   0.07
8382.00; 5464.00; 4960.00; 6523.00,   0.07
8382.00; 5464.00; 4960.00; 6523.00,   0.07
8389.00; 5462.00; 4971.00; 6520.00,   0.07
8382.00; 5464.00; 4964.00; 6514.00,   0.07
8382.00; 5464.00; 4964.00; 6514.00,   0.07
8378.00; 5469.00; 4965.00; 6518.00,   0.07
8382.00; 5468.00; 4963.00; 6519.00,   0.07
8382.00; 5468.00; 4963.00; 6519.00,   0.07
8382.00; 5466.00; 4968.00; 6519.00,   0.07
8382.00; 5466.00; 4968.00; 6519.00,   0.07
8379.00; 5471.00; 4968.00; 6514.00,   0.07
8380.00; 5466.00; 4966.00; 6520.00,   0.07
8380.00; 5466.00; 4966.00; 6520.00,   0.07
8379.00; 5465.00; 4973.00; 6524.00,   0.07
8379.00; 5465.00; 4973.00; 6524.00,   0.07
8381.00; 5460.00; 4967.00; 6520.00,   0.07
8382.00; 5465.00; 4970.00; 6523.00,   0.07
8382.00; 5465.00; 4970.00; 6523.00,   0.07
8378.00; 5467.00; 4965.00; 6520.00,   0.07
8388.00; 5466.00; 4965.00; 6525.00,   0.07
8388.00; 5466.00; 4965.00; 6525.00,   0.07
8380.00; 5467.00; 4963.00; 6524.00,   0.07
8380.00; 5467.00; 4963.00; 6524.00,   0.07
8376.00; 5472.00; 4964.00; 6520.00,   0.07
8391.00; 5466.00; 4968.00; 6518.00,   0.07
8391.00; 5466.00; 4968.00; 6518.00,   0.07
8382.00; 5469.00; 4971.00; 6516.00,   0.07
8376.00; 5468.00; 4968.00; 6521.00,   0.07
8376.00; 5468.00; 4968.00; 6521.00,   0.07
8385.00; 5469.00; 4968.00; 6522.00,   0.07
8385.00; 5469.00; 4968.00; 6522.00,   0.07
8377.00; 5470.00; 4972.00; 6524.00,   0.07
8375.00; 5466.00; 4969.00; 6516.00,   0.07
8375.00; 5466.00; 4969.00; 6516.00,   0.07
8379.00; 5478.00; 4966.00; 6519.00,   0.07
8379.00; 5478.00; 4966.00; 6519.00,   0.07
8378.00; 5467.00; 4966.00; 6516.00,   0.07
8380.00; 5467.00; 4971.00; 6523.00,   0.07
8380.00; 5467.00; 4971.00; 6523.00,   0.07
8426.00; 5467.00; 4971.00; 6519.00,   0.07
8388.00; 5467.00; 4973.00; 6518.00,   0.07
8388.00; 5467.00; 4973.00; 6518.00,   0.07
8385.00; 5477.00; 4998.00; 6531.00,   0.07
8385.00; 5477.00; 4998.00; 6531.00,   0.07
8389.00; 5531.00; 5015.00; 6534.00,   0.07
8396.00; 5524.00; 5007.00; 6544.00,   0.07
8396.00; 5524.00; 5007.00; 6544.00,   0.07
8407.00; 5510.00; 5012.00; 6563.00,   0.07
8407.00; 5510.00; 5012.00; 6563.00,   0.07
8431.00; 5503.00; 4993.00; 6598.00,   0.07
8463.00; 5532.00; 5011.00; 6609.00,   0.07
8463.00; 5532.00; 5011.00; 6609.00,   0.07
8470.00; 5538.00; 5021.00; 6616.00,   0.07
8472.00; 5552.00; 5027.00; 6623.00,   0.07
8472.00; 5552.00; 5027.00; 6623.00,   0.07
8467.00; 5552.00; 5029.00; 6625.00,   0.07
8467.00; 5552.00; 5029.00; 6625.00,   0.07
8474.00; 5556.00; 5041.00; 6632.00,   0.07
8475.00; 5552.00; 5035.00; 6637.00,   0.07
8475.00; 5552.00; 5035.00; 6637.00,   0.07
8485.00; 5549.00; 5041.00; 6629.00,   0.07
8494.00; 5547.00; 5048.00; 6629.00,   0.07
8494.00; 5547.00; 5048.00; 6629.00,   0.07
8485.00; 5549.00; 5038.00; 6629.00,   0.07
8485.00; 5549.00; 5038.00; 6629.00,   0.07
8494.00; 5544.00; 5051.00; 6628.00,   0.07
8492.00; 5546.00; 5044.00; 6624.00,   0.07
8492.00; 5546.00; 5044.00; 6624.00,   0.07
8487.00; 5548.00; 5042.00; 6628.00,   0.07
8485.00; 5543.00; 5045.00; 6629.00,   0.07
8485.00; 5543.00; 5045.00; 6629.00,   0.07
8485.00; 5545.00; 5050.00; 6629.00,   0.07
8485.00; 5545.00; 5050.00; 6629.00,   0.08
8493.00; 5547.00; 5039.00; 6624.00,   0.08
8484.00; 5543.00; 5048.00; 6634.00,   0.08
8484.00; 5543.00; 5048.00; 6634.00,   0.08
8489.00; 5542.00; 5040.00; 6626.00,   0.08
8488.00; 5548.00; 5040.00; 6630.00,   0.08
8488.00; 5548.00; 5040.00; 6630.00,   0.08
8492.00; 5547.00; 5047.00; 6636.00,   0.08
8492.00; 5547.00; 5047.00; 6636.00,   0.08
8491.00; 5544.00; 5045.00; 6631.00,   0.08
8489.00; 5549.00; 5042.00; 6627.00,   0.08
8489.00; 5549.00; 5042.00; 6627.00,   0.08
8492.00; 5548.00; 5047.00; 6628.00,   0.08
8492.00; 5548.00; 5047.00; 6628.00,   0.08
8485.00; 5548.00; 5047.00; 6626.00,   0.08
8485.00; 5548.00; 5046.00; 6631.00,   0.08
8485.00; 5548.00; 5046.00; 6631.00,   0.08
8489.00; 5541.00; 5045.00; 6628.00,   0.08
8481.00; 5548.00; 5048.00; 6633.00,   0.08
8481.00; 5548.00; 5048.00; 6633.00,   0.08
8482.00; 5547.00; 5041.00; 6628.00,   0.08
8482.00; 5547.00; 5041.00; 6628.00,   0.08
8495.00; 5548.00; 5047.00; 6625.00,   0.08
8487.00; 5542.00; 5049.00; 6636.00,   0.08
8487.00; 5542.00; 5049.00; 6636.00,   0.08
8482.00; 5545.00; 5043.00; 6630.00,   0.08
8484.00; 5542.00; 5052.00; 6633.00,   0.08
8484.00; 5542.00; 5052.00; 6633.00,   0.08
8492.00; 5546.00; 5049.00; 6629.00,   0.08
8492.00; 5546.00; 5049.00; 6629.00,   0.08
8485.00; 5550.00; 5045.00; 6627.00,   0.08
8493.00; 5545.00; 5051.00; 6637.00,   0.08
8493.00; 5545.00; 5051.00; 6637.00,   0.08
8484.00; 5546.00; 5047.00; 6632.00,   0.08
8484.00; 5546.00; 5047.00; 6632.00,   0.08
8493.00; 5546.00; 5041.00; 6634.00,   0.08
8499.00; 5548.00; 5043.00; 6631.00,   0.08
8499.00; 5548.00; 5043.00; 6631.00,   0.08
8493.00; 5554.00; 5044.00; 6633.00,   0.08
8489.00; 5547.00; 5047.00; 6630.00,   0.08
8489.00; 5547.00; 5047.00; 6630.00,   0.08
8485.00; 5548.00; 5049.00; 6627.00,   0.08
8485.00; 5548.00; 5049.00; 6627.00,   0.08
8489.00; 5551.00; 5040.00; 6625.00,   0.08
8494.00; 5546.00; 5041.00; 6630.00,   0.08
8494.00; 5546.00; 5041.00; 6630.00,   0.08
8487.00; 5546.00; 5044.00; 6629.00,   0.08
8491.00; 5547.00; 5045.00; 6632.00,   0.08
8491.00; 5547.00; 5045.00; 6632.00,   0.08
8489.00; 5545.00; 5043.00; 6624.00,   0.08
8489.00; 5545.00; 5043.00; 6624.00,   0.08
8488.00; 5555.00; 5043.00; 6633.00,   0.08
8485.00; 5547.00; 5043.00; 6629.00,   0.08
8485.00; 5547.00; 5043.00; 6629.00,   0.08
8482.00; 5542.00; 5045.00; 6628.00,   0.08
8491.00; 5548.00; 5042.00; 6627.00,   0.08
8491.00; 5548.00; 5042.00; 6627.00,   0.08
8488.00; 5551.00; 5044.00; 6630.00,   0.08
8488.00; 5551.00; 5044.00; 6630.00,   0.08
8485.00; 5547.00; 5043.00; 6632.00,   0.08
8487.00; 5548.00; 5047.00; 6627.00,   0.08
8487.00; 5548.00; 5047.00; 6627.00,   0.08
8489.00; 5553.00; 5048.00; 6624.00,   0.08
8489.00; 5549.00; 5043.00; 6632.00,   0.08
8489.00; 5549.00; 5043.00; 6632.00,   0.08
8491.00; 5547.00; 5048.00; 6627.00,   0.08
8491.00; 5547.00; 5048.00; 6627.00,   0.08
8487.00; 5549.00; 5046.00; 6622.00,   0.08
8488.00; 5550.00; 5046.00; 6626.00,   0.08
8488.00; 5550.00; 5046.00; 6626.00,   0.08
8488.00; 5545.00; 5050.00; 6626.00,   0.08
8487.00; 5545.00; 5040.00; 6629.00,   0.08
8487.00; 5545.00; 5040.00; 6629.00,   0.08
8488.00; 5543.00; 5044.00; 6634.00,   0.08
8488.00; 5543.00; 5044.00; 6634.00,   0.08
8485.00; 5543.00; 5048.00; 6627.00,   0.08
8494.00; 5542.00; 5044.00; 6632.00,   0.08
8494.00; 5542.00; 5044.00; 6632.00,   0.08
8488.00; 5545.00; 5039.00; 6627.00,   0.08
8488.00; 5545.00; 5039.00; 6627.00,   0.08
8488.00; 5547.00; 5050.00; 6630.00,   0.08
8487.00; 5552.00; 5042.00; 6632.00,   0.08
8487.00; 5552.00; 5042.00; 6632.00,   0.08
8490.00; 5548.00; 5045.00; 6628.00,   0.08
8489.00; 5540.00; 5044.00; 6631.00,   0.09
8489.00; 5540.00; 5044.00; 6631.00,   0.09
8488.00; 5543.00; 5048.00; 6633.00,   0.09
8488.00; 5543.00; 5048.00; 6633.00,   0.09
8485.00; 5546.00; 5046.00; 6634.00,   0.09
8487.00; 5546.00; 5047.00; 6630.00,   0.09
8487.00; 5546.00; 5047.00; 6630.00,   0.09
8487.00; 5550.00; 5052.00; 6630.00,   0.09
8486.00; 5545.00; 5049.00; 6626.00,   0.09
8486.00; 5545.00; 5049.00; 6626.00,   0.09
8485.00; 5543.00; 5049.00; 6631.00,   0.09
8485.00; 5543.00; 5049.00; 6631.00,   0.09
8490.00; 5545.00; 5045.00; 6633.00,   0.09
8484.00; 5547.00; 5045.00; 6624.00,   0.09
8484.00; 5547.00; 5045.00; 6624.00,   0.09
8492.00; 5544.00; 5046.00; 6629.00,   0.09
8487.00; 5544.00; 5048.00; 6627.00,   0.09
8487.00; 5544.00; 5048.00; 6627.00,   0.09
8488.00; 5545.00; 5039.00; 6628.00,   0.09
8488.00; 5545.00; 5039.00; 6628.00,   0.09
8634.00; 5561.00; 5144.00; 6624.00,   0.09
8696.00; 5583.00; 5374.00; 6771.00,   0.09
8696.00; 5583.00; 5374.00; 6771.00,   0.09
8917.00; 5668.00; 5738.00; 6941.00,   0.09
8917.00; 5668.00; 5738.00; 6941.00,   0.09
8985.00; 5710.00; 5299.00; 6743.00,   0.09
8778.00; 5627.00; 5228.00; 6684.00,   0.09
8778.00; 5627.00; 5228.00; 6684.00,   0.09
8720.00; 5599.00; 5290.00; 6701.00,   0.09
8754.00; 5602.00; 5352.00; 6729.00,   0.09
8754.00; 5602.00; 5352.00; 6729.00,   0.09
8788.00; 5621.00; 5453.00; 6777.00,   0.09
8788.00; 5621.00; 5453.00; 6777.00,   0.09
8815.00; 5632.00; 5584.00; 6838.00,   0.09
8842.00; 5650.00; 5662.00; 6874.00,   0.09
8842.00; 5650.00; 5662.00; 6874.00,   0.09
8851.00; 5646.00; 5710.00; 6895.00,   0.09
8828.00; 5646.00; 5701.00; 6895.00,   0.09
8828.00; 5638.00; 5701.00; 6898.00,   0.09
8785.00; 5622.00; 5699.00; 6902.00,   0.09
8785.00; 5622.00; 5699.00; 6902.00,   0.09
8750.00; 5617.00; 5726.00; 6912.00,   0.09
8729.00; 5608.00; 5754.00; 6929.00,   0.09
8729.00; 5608.00; 5754.00; 6929.00,   0.09
8707.00; 5602.00; 5789.00; 6950.00,   0.09
8707.00; 5602.00; 5789.00; 6950.00,   0.09
8689.00; 5601.00; 5813.00; 6957.00,   0.09
8675.00; 5593.00; 5820.00; 6959.00,   0.09
8675.00; 5593.00; 5820.00; 6959.00,   0.09
8656.00; 5584.00; 5812.00; 6961.00,   0.09
8639.00; 5574.00; 5804.00; 6959.00,   0.09
8639.00; 5574.00; 5804.00; 6959.00,   0.09
8642.00; 5583.00; 5772.00; 6945.00,   0.09
8642.00; 5583.00; 5772.00; 6945.00,   0.09
8649.00; 5581.00; 5738.00; 6938.00,   0.09
8646.00; 5582.00; 5717.00; 6931.00,   0.09
8646.00; 5582.00; 5717.00; 6931.00,   0.09
8632.00; 5580.00; 5694.00; 6925.00,   0.09
8632.00; 5580.00; 5694.00; 6925.00,   0.09
8625.00; 5579.00; 5672.00; 6931.00,   0.09
8619.00; 5584.00; 5652.00; 6918.00,   0.09
8619.00; 5584.00; 5652.00; 6918.00,   0.09
8625.00; 5585.00; 5619.00; 6902.00,   0.09
8630.00; 5585.00; 5606.00; 6896.00,   0.09
8630.00; 5585.00; 5606.00; 6896.00,   0.09
8633.00; 5587.00; 5607.00; 6892.00,   0.09
8633.00; 5587.00; 5607.00; 6892.00,   0.09
8614.00; 5579.00; 5584.00; 6894.00,   0.09
8608.00; 5574.00; 5573.00; 6882.00,   0.09
8608.00; 5574.00; 5573.00; 6882.00,   0.09
8596.00; 5576.00; 5623.00; 7175.00,   0.09
8554.00; 5576.00; 5848.00; 7175.00,   0.09
8554.00; 5509.00; 5848.00; 7949.00,   0.09
8560.00; 5494.00; 5688.00; 7494.00,   0.09
8560.00; 5494.00; 5688.00; 7494.00,   0.09
8645.00; 5912.00; 5664.00; 7437.00,   0.09
8639.00; 5797.00; 5670.00; 7341.00,   0.09
8639.00; 5797.00; 5670.00; 7341.00,   0.09
8592.00; 5710.00; 5631.00; 7322.00,   0.09
8592.00; 5710.00; 5631.00; 7322.00,   0.09
8562.00; 5634.00; 5577.00; 7221.00,   0.09
8569.00; 5624.00; 5569.00; 7233.00,   0.09
8569.00; 5624.00; 5569.00; 7233.00,   0.09
8579.00; 5650.00; 5582.00; 7262.00,   0.09
8583.00; 5668.00; 5599.00; 7314.00,   0.10
8583.00; 5668.00; 5599.00; 7314.00,   0.10
8603.00; 5686.00; 5614.00; 7362.00,   0.10
8603.00; 5686.00; 5614.00; 7362.00,   0.10
8606.00; 5706.00; 5621.00; 7367.00,   0.10
8621.00; 5705.00; 5617.00; 7348.00,   0.10
8621.00; 5705.00; 5617.00; 7348.00,   0.10
8612.00; 5701.00; 5600.00; 7320.00,   0.10
8605.00; 5696.00; 5591.00; 7300.00,   0.10
8605.00; 5696.00; 5591.00; 7300.00,   0.10
8599.00; 5691.00; 5586.00; 7294.00,   0.10
8599.00; 5691.00; 5586.00; 7294.00,   0.10
8603.00; 5689.00; 5595.00; 7288.00,   0.10
8605.00; 5686.00; 5604.00; 7291.00,   0.10
8605.00; 5686.00; 5604.00; 7291.00,   0.10
8609.00; 5682.00; 5622.00; 7302.00,   0.10
8609.00; 5682.00; 5622.00; 7302.00,   0.10
8614.00; 5697.00; 5636.00; 7325.00,   0.10
8625.00; 5699.00; 5645.00; 7339.00,   0.10
8625.00; 5699.00; 5645.00; 7339.00,   0.10
8627.00; 5706.00; 5646.00; 7337.00,   0.10
8628.00; 5713.00; 5641.00; 7335.00,   0.10
8628.00; 5713.00; 5641.00; 7335.00,   0.10
8636.00; 5713.00; 5635.00; 7331.00,   0.10
8642.00; 5712.00; 5632.00; 7330.00,   0.10
8642.00; 5712.00; 5632.00; 7330.00,   0.10
8646.00; 5714.00; 5638.00; 7330.00,   0.10
8646.00; 5714.00; 5638.00; 7330.00,   0.10
8646.00; 5718.00; 5633.00; 7330.00,   0.10
8650.00; 5722.00; 5617.00; 7327.00,   0.10
8650.00; 5722.00; 5617.00; 7327.00,   0.10
8642.00; 5719.00; 5619.00; 7321.00,   0.10
8640.00; 5711.00; 5611.00; 7311.00,   0.10
8640.00; 5711.00; 5611.00; 7311.00,   0.10
8640.00; 5703.00; 5601.00; 7294.00,   0.10
8640.00; 5703.00; 5601.00; 7294.00,   0.10
8638.00; 5701.00; 5607.00; 7292.00,   0.10
8640.00; 5701.00; 5611.00; 7295.00,   0.10
8640.00; 5701.00; 5611.00; 7295.00,   0.10
8636.00; 5700.00; 5606.00; 7300.00,   0.10
8636.00; 5700.00; 5606.00; 7300.00,   0.10
8633.00; 5693.00; 5609.00; 7301.00,   0.10
8636.00; 5689.00; 5615.00; 7308.00,   0.10
8636.00; 5689.00; 5615.00; 7308.00,   0.10
8636.00; 5693.00; 5621.00; 7305.00,   0.10
8641.00; 5695.00; 5620.00; 7312.00,   0.10
8641.00; 5695.00; 5620.00; 7312.00,   0.10
8634.00; 5696.00; 5615.00; 7300.00,   0.10
8634.00; 5696.00; 5615.00; 7300.00,   0.10
8633.00; 5698.00; 5611.00; 7295.00,   0.10
8629.00; 5702.00; 5608.00; 7294.00,   0.10
8629.00; 5702.00; 5608.00; 7294.00,   0.10
8631.00; 5694.00; 5607.00; 7289.00,   0.10
8639.00; 5700.00; 5599.00; 7285.00,   0.10
8639.00; 5700.00; 5599.00; 7285.00,   0.10
8638.00; 5696.00; 5601.00; 7280.00,   0.10
8638.00; 5696.00; 5601.00; 7280.00,   0.10
8636.00; 5698.00; 5597.00; 7275.00,   0.10
8639.00; 5699.00; 5603.00; 7266.00,   0.10
8639.00; 5699.00; 5603.00; 7266.00,   0.10
8641.00; 5693.00; 5594.00; 7259.00,   0.10
8641.00; 5693.00; 5594.00; 7259.00,   0.10
8638.00; 5684.00; 5586.00; 7257.00,   0.10
8639.00; 5686.00; 5587.00; 7253.00,   0.10
8639.00; 5686.00; 5587.00; 7253.00,   0.10
8636.00; 5689.00; 5587.00; 7246.00,   0.10
8642.00; 5695.00; 5589.00; 7244.00,   0.10
8642.00; 5695.00; 5589.00; 7244.00,   0.10
8633.00; 5690.00; 5588.00; 7240.00,   0.10
8633.00; 5690.00; 5588.00; 7240.00,   0.10
8640.00; 5685.00; 5585.00; 7235.00,   0.10
8633.00; 5683.00; 5582.00; 7237.00,   0.10
8633.00; 5683.00; 5582.00; 7237.00,   0.10
8636.00; 5680.00; 5589.00; 7228.00,   0.10
8636.00; 5680.00; 5589.00; 7228.00,   0.10
8642.00; 5681.00; 5591.00; 7235.00,   0.10
8640.00; 5688.00; 5608.00; 7243.00,   0.10
8640.00; 5688.00; 5608.00; 7243.00,   0.10
8640.00; 5688.00; 5607.00; 7250.00,   0.10
8650.00; 5687.00; 5612.00; 7249.00,   0.11
8650.00; 5687.00; 5612.00; 7249.00,   0.11
8646.00; 5694.00; 5611.00; 7247.00,   0.11
8646.00; 5694.00; 5611.00; 7247.00,   0.11
8647.00; 5692.00; 5604.00; 7250.00,   0.11
8654.00; 5699.00; 5617.00; 7258.00,   0.11
8654.00; 5699.00; 5617.00; 7258.00,   0.11
8661.00; 5697.00; 5616.00; 7260.00,   0.11
8663.00; 5692.00; 5616.00; 7253.00,   0.11
8663.00; 5692.00; 5616.00; 7253.00,   0.11
8661.00; 5705.00; 5618.00; 7255.00,   0.11
8661.00; 5705.00; 5618.00; 7255.00,   0.11
8659.00; 5694.00; 5618.00; 7253.00,   0.11
8659.00; 5696.00; 5621.00; 7250.00,   0.11
8659.00; 5696.00; 5621.00; 7250.00,   0.11
8660.00; 5692.00; 5621.00; 7261.00,   0.11
8660.00; 5692.00; 5621.00; 7261.00,   0.11
8660.00; 5697.00; 5634.00; 7277.00,   0.11
8657.00; 5702.00; 5643.00; 7299.00,   0.11
8657.00; 5702.00; 5643.00; 7299.00,   0.11
8668.00; 5700.00; 5656.00; 7307.00,   0.11
8677.00; 5707.00; 5663.00; 7321.00,   0.11
8677.00; 5707.00; 5663.00; 7321.00,   0.11
8678.00; 5718.00; 5675.00; 7320.00,   0.11
8678.00; 5718.00; 5675.00; 7320.00,   0.11
8694.00; 5719.00; 5681.00; 7325.00,   0.11
8701.00; 5723.00; 5681.00; 7316.00,   0.11
8701.00; 5723.00; 5681.00; 7316.00,   0.11
8712.00; 5723.00; 5684.00; 7321.00,   0.11
8712.00; 5723.00; 5684.00; 7321.00,   0.11
8721.00; 5730.00; 5704.00; 7323.00,   0.11
8723.00; 5720.00; 5720.00; 7339.00,   0.11
8723.00; 5720.00; 5720.00; 7339.00,   0.11
8731.00; 5705.00; 5723.00; 7340.00,   0.11
8730.00; 5700.00; 5740.00; 7349.00,   0.11
8730.00; 5700.00; 5740.00; 7349.00,   0.11
8735.00; 5689.00; 5751.00; 7357.00,   0.11
8735.00; 5689.00; 5751.00; 7357.00,   0.11
8730.00; 5663.00; 5763.00; 7385.00,   0.11
8732.00; 5639.00; 5773.00; 7404.00,   0.11
8732.00; 5639.00; 5773.00; 7404.00,   0.11
8735.00; 5624.00; 5799.00; 7395.00,   0.11
8741.00; 5605.00; 5803.00; 7381.00,   0.11
8741.00; 5605.00; 5803.00; 7381.00,   0.11
8744.00; 5597.00; 5804.00; 7310.00,   0.11
8744.00; 5597.00; 5804.00; 7310.00,   0.11
8755.00; 5587.00; 5781.00; 7199.00,   0.11
8771.00; 5600.00; 5753.00; 7049.00,   0.11
8771.00; 5600.00; 5753.00; 7049.00,   0.11
8780.00; 5615.00; 5726.00; 6895.00,   0.11
8791.00; 5613.00; 5722.00; 6854.00,   0.11
8791.00; 5613.00; 5722.00; 6854.00,   0.11
8793.00; 5620.00; 5733.00; 6862.00,   0.11
8793.00; 5620.00; 5733.00; 6862.00,   0.11
8792.00; 5618.00; 5728.00; 6851.00,   0.11
8789.00; 5621.00; 5721.00; 6853.00,   0.11
8789.00; 5621.00; 5721.00; 6853.00,   0.11
8792.00; 5617.00; 5702.00; 6844.00,   0.11
8782.00; 5616.00; 5686.00; 6843.00,   0.11
8782.00; 5616.00; 5686.00; 6843.00,   0.11
8782.00; 5623.00; 5674.00; 6843.00,   0.11
8782.00; 5623.00; 5674.00; 6843.00,   0.11
8786.00; 5618.00; 5651.00; 6833.00,   0.11
8790.00; 5626.00; 5641.00; 6836.00,   0.11
8790.00; 5626.00; 5641.00; 6836.00,   0.11
8783.00; 5627.00; 5634.00; 6825.00,   0.11
8783.00; 5627.00; 5634.00; 6825.00,   0.11
8777.00; 5621.00; 5630.00; 6833.00,   0.11
8778.00; 5619.00; 5626.00; 6832.00,   0.11
8778.00; 5619.00; 5626.00; 6832.00,   0.11
8771.00; 5622.00; 5615.00; 6825.00,   0.11
8759.00; 5628.00; 5599.00; 6824.00,   0.11
8759.00; 5628.00; 5599.00; 6824.00,   0.11
8755.00; 5620.00; 5586.00; 6815.00,   0.11
8755.00; 5620.00; 5586.00; 6815.00,   0.11
8752.00; 5623.00; 5574.00; 6814.00,   0.11
8741.00; 5617.00; 5561.00; 6809.00,   0.11
8741.00; 5617.00; 5561.00; 6809.00,   0.11
8738.00; 5622.00; 5545.00; 6805.00,   0.11
8738.00; 5622.00; 5533.00; 6805.00,   0.11
8724.00; 5616.00; 5533.00; 6806.00,   0.11
8719.00; 5614.00; 5527.00; 6802.00,   0.12
8719.00; 5614.00; 5527.00; 6802.00,   0.12
8712.00; 5612.00; 5512.00; 6792.00,   0.12
8689.00; 5612.00; 5499.00; 6792.00,   0.12
8689.00; 5612.00; 5499.00; 6792.00,   0.12
8676.00; 5604.00; 5487.00; 6783.00,   0.12
8676.00; 5604.00; 5487.00; 6783.00,   0.12
8663.00; 5598.00; 5465.00; 6778.00,   0.12
8638.00; 5595.00; 5448.00; 6774.00,   0.12
8638.00; 5595.00; 5448.00; 6774.00,   0.12
8593.00; 5577.00; 5411.00; 6754.00,   0.12
8535.00; 5568.00; 5380.00; 6739.00,   0.12
8535.00; 5568.00; 5380.00; 6739.00,   0.12
8502.00; 5551.00; 5349.00; 6729.00,   0.12
8502.00; 5551.00; 5349.00; 6729.00,   0.12
8483.00; 5539.00; 5306.00; 6713.00,   0.12
8473.00; 5544.00; 5220.00; 6679.00,   0.12
8473.00; 5544.00; 5220.00; 6679.00,   0.12
8471.00; 5542.00; 5124.00; 6649.00,   0.12
8471.00; 5542.00; 5124.00; 6649.00,   0.12
8482.00; 5548.00; 5053.00; 6619.00,   0.12
8487.00; 5548.00; 5061.00; 6620.00,   0.12
8487.00; 5548.00; 5061.00; 6620.00,   0.12
8480.00; 5550.00; 5054.00; 6624.00,   0.12
8474.00; 5552.00; 5050.00; 6617.00,   0.12
8474.00; 5552.00; 5050.00; 6617.00,   0.12
8484.00; 5550.00; 5050.00; 6620.00,   0.12
8484.00; 5550.00; 5050.00; 6620.00,   0.12
8484.00; 5553.00; 5052.00; 6627.00,   0.12
8477.00; 5553.00; 5051.00; 6620.00,   0.12
8477.00; 5553.00; 5051.00; 6620.00,   0.12
8480.00; 5552.00; 5050.00; 6628.00,   0.12
8480.00; 5552.00; 5049.00; 6628.00,   0.12
8482.00; 5554.00; 5049.00; 6617.00,   0.12
8482.00; 5548.00; 5049.00; 6623.00,   0.12
8482.00; 5548.00; 5049.00; 6623.00,   0.12
8483.00; 5553.00; 5048.00; 6626.00,   0.12
8479.00; 5554.00; 5049.00; 6631.00,   0.12
8479.00; 5554.00; 5049.00; 6631.00,   0.12
8480.00; 5556.00; 5048.00; 6626.00,   0.12
8480.00; 5556.00; 5048.00; 6626.00,   0.12
8486.00; 5548.00; 5048.00; 6619.00,   0.12
8475.00; 5553.00; 5047.00; 6623.00,   0.12
8475.00; 5553.00; 5047.00; 6623.00,   0.12
8482.00; 5547.00; 5051.00; 6623.00,   0.12
8480.00; 5550.00; 5054.00; 6622.00,   0.12
8480.00; 5550.00; 5054.00; 6622.00,   0.12
8479.00; 5549.00; 5057.00; 6627.00,   0.12
8479.00; 5549.00; 5057.00; 6627.00,   0.12
8484.00; 5552.00; 5049.00; 6626.00,   0.12
8484.00; 5548.00; 5050.00; 6624.00,   0.12
8484.00; 5548.00; 5050.00; 6624.00,   0.12
8486.00; 5552.00; 5050.00; 6622.00,   0.12
8486.00; 5552.00; 5050.00; 6622.00,   0.12
8485.00; 5555.00; 5053.00; 6616.00,   0.12
8483.00; 5552.00; 5048.00; 6626.00,   0.12
8483.00; 5552.00; 5048.00; 6626.00,   0.12
8481.00; 5548.00; 5053.00; 6621.00,   0.12
8476.00; 5550.00; 5052.00; 6619.00,   0.12
8476.00; 5550.00; 5052.00; 6619.00,   0.12
8485.00; 5545.00; 5051.00; 6624.00,   0.12
8485.00; 5545.00; 5051.00; 6624.00,   0.12
8482.00; 5550.00; 5050.00; 6626.00,   0.12
8484.00; 5554.00; 5102.00; 6631.00,   0.12
8484.00; 5554.00; 5102.00; 6631.00,   0.12
8468.00; 5554.00; 5049.00; 6619.00,   0.12
8475.00; 5549.00; 5107.00; 6623.00,   0.12
8475.00; 5549.00; 5107.00; 6623.00,   0.12
8480.00; 5555.00; 5083.00; 6626.00,   0.12
8480.00; 5556.00; 5069.00; 6625.00,   0.12
8480.00; 5556.00; 5069.00; 6625.00,   0.12
8488.00; 5549.00; 5063.00; 6627.00,   0.12
8488.00; 5549.00; 5063.00; 6627.00,   0.12
8484.00; 5549.00; 5054.00; 6621.00,   0.12
8480.00; 5548.00; 5054.00; 6621.00,   0.12
8480.00; 5548.00; 5054.00; 6621.00,   0.12
8482.00; 5543.00; 5049.00; 6623.00,   0.12
8482.00; 5543.00; 5049.00; 6623.00,   0.12
8481.00; 5550.00; 5053.00; 6625.00,   0.12
8482.00; 5556.00; 5051.00; 6628.00,   0.12
8482.00; 5556.00; 5051.00; 6628.00,   0.12
8480.00; 5552.00; 5052.00; 6624.00,   0.12
8481.00; 5549.00; 5053.00; 6631.00,   0.12
8481.00; 5549.00; 5053.00; 6631.00,   0.12
8480.00; 5553.00; 5053.00; 6626.00,   0.12
8480.00; 5553.00; 5053.00; 6626.00,   0.13
8478.00; 5558.00; 5041.00; 6623.00,   0.13
8485.00; 5553.00; 5048.00; 6622.00,   0.13
8485.00; 5553.00; 5048.00; 6622.00,   0.13
8486.00; 5557.00; 5048.00; 6625.00,   0.13
8478.00; 5556.00; 5051.00; 6627.00,   0.13
8478.00; 5556.00; 5051.00; 6627.00,   0.13
8477.00; 5548.00; 5057.00; 6624.00,   0.13
8477.00; 5548.00; 5057.00; 6624.00,   0.13
8485.00; 5554.00; 5051.00; 6622.00,   0.13
8484.00; 5551.00; 5046.00; 6622.00,   0.13
8484.00; 5551.00; 5046.00; 6622.00,   0.13
8481.00; 5545.00; 5045.00; 6622.00,   0.13
8485.00; 5550.00; 5053.00; 6623.00,   0.13
8485.00; 5550.00; 5053.00; 6623.00,   0.13
8482.00; 5548.00; 5050.00; 6620.00,   0.13
8482.00; 5548.00; 5049.00; 6620.00,   0.13
8476.00; 5552.00; 5049.00; 6619.00,   0.13
8482.00; 5551.00; 5048.00; 6621.00,   0.13
8482.00; 5551.00; 5048.00; 6621.00,   0.13
8484.00; 5559.00; 5045.00; 6627.00,   0.13
8483.00; 5552.00; 5051.00; 6619.00,   0.13
8483.00; 5552.00; 5051.00; 6619.00,   0.13
8487.00; 5552.00; 5052.00; 6622.00,   0.13
8487.00; 5552.00; 5052.00; 6622.00,   0.13
8485.00; 5552.00; 5051.00; 6622.00,   0.13
8481.00; 5550.00; 5053.00; 6626.00,   0.13
8481.00; 5550.00; 5053.00; 6626.00,   0.13
8477.00; 5550.00; 5049.00; 6621.00,   0.13
8481.00; 5548.00; 5047.00; 6622.00,   0.13
8481.00; 5548.00; 5047.00; 6622.00,   0.13
8480.00; 5557.00; 5051.00; 6628.00,   0.13
8480.00; 5557.00; 5051.00; 6628.00,   0.13
8480.00; 5548.00; 5059.00; 6625.00,   0.13
8482.00; 5553.00; 5049.00; 6618.00,   0.13
8482.00; 5553.00; 5049.00; 6618.00,   0.13
8480.00; 5552.00; 5050.00; 6616.00,   0.13
8486.00; 5547.00; 5053.00; 6620.00,   0.13
8486.00; 5547.00; 5053.00; 6620.00,   0.13
8482.00; 5556.00; 5052.00; 6624.00,   0.13
8482.00; 5556.00; 5052.00; 6624.00,   0.13
8481.00; 5547.00; 5049.00; 6621.00,   0.13
8479.00; 5552.00; 5047.00; 6624.00,   0.13
8479.00; 5552.00; 5047.00; 6624.00,   0.13
8482.00; 5550.00; 5052.00; 6622.00,   0.13
8482.00; 5550.00; 5052.00; 6622.00,   0.13
8480.00; 5553.00; 5048.00; 6624.00,   0.13
8482.00; 5551.00; 5052.00; 6620.00,   0.13
8482.00; 5551.00; 5052.00; 6620.00,   0.13
8478.00; 5548.00; 5056.00; 6624.00,   0.13
8478.00; 5548.00; 5052.00; 6619.00,   0.13
8478.00; 5548.00; 5052.00; 6619.00,   0.13
8485.00; 5550.00; 5052.00; 6623.00,   0.13
8485.00; 5550.00; 5052.00; 6623.00,   0.13
8478.00; 5554.00; 5051.00; 6624.00,   0.13
8483.00; 5545.00; 5047.00; 6624.00,   0.13
8483.00; 5545.00; 5047.00; 6624.00,   0.13
8487.00; 5553.00; 5054.00; 6625.00,   0.13
8480.00; 5546.00; 5057.00; 6624.00,   0.13
8480.00; 5546.00; 5057.00; 6624.00,   0.13
8486.00; 5550.00; 5047.00; 6628.00,   0.13
8486.00; 5550.00; 5047.00; 6628.00,   0.13
8478.00; 5552.00; 5051.00; 6620.00,   0.13
8488.00; 5555.00; 5049.00; 6619.00,   0.13
8488.00; 5555.00; 5049.00; 6619.00,   0.13
8485.00; 5552.00; 5048.00; 6624.00,   0.13
8485.00; 5552.00; 5048.00; 6624.00,   0.13
8485.00; 5548.00; 5052.00; 6626.00,   0.13
8480.00; 5550.00; 5048.00; 6624.00,   0.13
8480.00; 5550.00; 5048.00; 6624.00,   0.13
8484.00; 5547.00; 5045.00; 6617.00,   0.13
8479.00; 5551.00; 5052.00; 6627.00,   0.13
8479.00; 5551.00; 5052.00; 6627.00,   0.13
8485.00; 5552.00; 5048.00; 6627.00,   0.13
8485.00; 5552.00; 5048.00; 6627.00,   0.13
8482.00; 5550.00; 5055.00; 6627.00,   0.13
8484.00; 5556.00; 5053.00; 6628.00,   0.13
8484.00; 5556.00; 5053.00; 6628.00,   0.13
8490.00; 5552.00; 5051.00; 6625.00,   0.13
8483.00; 5553.00; 5049.00; 6620.00,   0.13
8483.00; 5553.00; 5049.00; 6620.00,   0.13
8479.00; 5551.00; 5045.00; 6621.00,   0.13
8479.00; 5551.00; 5045.00; 6621.00,   0.13
8479.00; 5548.00; 5052.00; 6631.00,   0.13
8486.00; 5549.00; 5052.00; 6623.00,   0.14
8486.00; 5549.00; 5052.00; 6623.00,   0.14
8479.00; 5545.00; 5054.00; 6620.00,   0.14
8485.00; 5556.00; 5049.00; 6621.00,   0.14
8485.00; 5556.00; 5049.00; 6621.00,   0.14
8483.00; 5551.00; 5054.00; 6622.00,   0.14
8483.00; 5551.00; 5054.00; 6622.00,   0.14
8480.00; 5551.00; 5059.00; 6626.00,   0.14
8484.00; 5550.00; 5053.00; 6621.00,   0.14
8484.00; 5550.00; 5053.00; 6621.00,   0.14
8476.00; 5551.00; 5051.00; 6628.00,   0.14
8488.00; 5549.00; 5055.00; 6626.00,   0.14
8488.00; 5549.00; 5055.00; 6626.00,   0.14
8490.00; 5550.00; 5059.00; 6624.00,   0.14
8490.00; 5550.00; 5059.00; 6624.00,   0.14
8479.00; 5550.00; 5053.00; 6631.00,   0.14
8471.00; 5550.00; 5056.00; 6622.00,   0.14
8471.00; 5550.00; 5056.00; 6622.00,   0.14
8487.00; 5544.00; 5052.00; 6621.00,   0.14
8487.00; 5544.00; 5052.00; 6621.00,   0.14
8482.00; 5547.00; 5054.00; 6628.00,   0.14
8480.00; 5549.00; 5057.00; 6620.00,   0.14
8480.00; 5549.00; 5057.00; 6620.00,   0.14
8480.00; 5553.00; 5052.00; 6624.00,   0.14
8481.00; 5548.00; 5053.00; 6628.00,   0.14
8481.00; 5548.00; 5053.00; 6628.00,   0.14
8483.00; 5546.00; 5055.00; 6629.00,   0.14
8483.00; 5546.00; 5055.00; 6629.00,   0.14
8481.00; 5543.00; 5051.00; 6626.00,   0.14
8480.00; 5545.00; 5050.00; 6628.00,   0.14
8480.00; 5545.00; 5050.00; 6628.00,   0.14
8488.00; 5546.00; 5047.00; 6619.00,   0.14
8482.00; 5546.00; 5070.00; 6691.00,   0.14
8482.00; 5550.00; 5070.00; 6691.00,   0.14
8513.00; 5685.00; 5058.00; 6673.00,   0.14
8513.00; 5685.00; 5058.00; 6673.00,   0.14
8539.00; 5797.00; 5184.00; 6962.00,   0.14
8561.00; 5870.00; 5324.00; 7442.00,   0.14
8561.00; 5870.00; 5324.00; 7442.00,   0.14
8584.00; 5970.00; 5321.00; 7446.00,   0.14
8584.00; 5970.00; 5321.00; 7446.00,   0.14
8611.00; 6031.00; 5294.00; 7311.00,   0.14
8639.00; 6148.00; 5311.00; 7376.00,   0.14
8639.00; 6148.00; 5311.00; 7376.00,   0.14
8680.00; 6288.00; 5404.00; 7665.00,   0.14
8712.00; 6442.00; 5509.00; 8006.00,   0.14
8712.00; 6442.00; 5509.00; 8006.00,   0.14
8754.00; 6582.00; 5601.00; 8285.00,   0.14
8754.00; 6582.00; 5601.00; 8285.00,   0.14
8792.00; 6698.00; 5682.00; 8547.00,   0.14
8827.00; 6844.00; 5795.00; 8872.00,   0.14
8827.00; 6844.00; 5795.00; 8872.00,   0.14
8871.00; 6998.00; 5908.00; 9192.00,   0.14
8918.00; 7135.00; 6003.00; 9490.00,   0.14
8918.00; 7135.00; 6003.00; 9490.00,   0.14
8950.00; 7263.00; 6091.00; 9739.00,   0.14
8989.00; 7367.00; 6174.00; 9961.00,   0.14
9016.00; 7456.00; 6243.00; 10161.00,   0.14
9016.00; 7456.00; 6243.00; 10161.00,   0.14
9042.00; 7545.00; 6314.00; 10354.00,   0.14
9060.00; 7611.00; 6357.00; 10508.00,   0.14
9060.00; 7611.00; 6357.00; 10508.00,   0.14
9084.00; 7687.00; 6385.00; 10595.00,   0.14
9084.00; 7687.00; 6385.00; 10595.00,   0.14
9106.00; 7740.00; 6405.00; 10652.00,   0.14
9111.00; 7765.00; 6410.00; 10664.00,   0.14
9111.00; 7765.00; 6410.00; 10664.00,   0.14
9118.00; 7799.00; 6399.00; 10618.00,   0.14
9145.00; 7799.00; 6374.00; 10618.00,   0.14
9145.00; 7838.00; 6374.00; 10556.00,   0.14
9156.00; 7883.00; 6356.00; 10487.00,   0.14
9156.00; 7883.00; 6356.00; 10487.00,   0.14
9165.00; 7916.00; 6324.00; 10413.00,   0.14
9184.00; 7946.00; 6299.00; 10341.00,   0.14
9184.00; 7946.00; 6299.00; 10341.00,   0.14
9174.00; 7961.00; 6280.00; 10313.00,   0.14
9174.00; 7961.00; 6280.00; 10313.00,   0.14
9156.00; 7950.00; 6261.00; 10301.00,   0.14
9149.00; 7912.00; 6261.00; 10305.00,   0.14
9149.00; 7912.00; 6261.00; 10305.00,   0.14
9126.00; 7887.00; 6266.00; 10334.00,   0.14
9118.00; 7851.00; 6285.00; 10368.00,   0.14
9118.00; 7851.00; 6285.00; 10368.00,   0.14
9107.00; 7826.00; 6304.00; 10414.00,   0.14
9107.00; 7826.00; 6304.00; 10414.00,   0.14
9102.00; 7810.00; 6332.00; 10483.00,   0.15
9107.00; 7794.00; 6374.00; 10586.00,   0.15
9107.00; 7794.00; 6374.00; 10586.00,   0.15
9087.00; 7741.00; 6414.00; 10687.00,   0.15
9087.00; 7741.00; 6414.00; 10687.00,   0.15
9061.00; 7667.00; 6454.00; 10803.00,   0.15
9041.00; 7597.00; 6489.00; 10905.00,   0.15
9041.00; 7597.00; 6489.00; 10905.00,   0.15
9020.00; 7523.00; 6522.00; 10991.00,   0.15
8999.00; 7455.00; 6536.00; 11036.00,   0.15
8999.00; 7455.00; 6536.00; 11036.00,   0.15
8999.00; 7423.00; 6543.00; 11046.00,   0.15
9001.00; 7405.00; 6555.00; 11050.00,   0.15
9001.00; 7405.00; 6555.00; 11050.00,   0.15
8994.00; 7374.00; 6563.00; 11041.00,   0.15
8994.00; 7374.00; 6563.00; 11041.00,   0.15
8979.00; 7339.00; 6549.00; 10988.00,   0.15
8981.00; 7305.00; 6528.00; 10922.00,   0.15
8981.00; 7305.00; 6528.00; 10922.00,   0.15
8974.00; 7263.00; 6516.00; 10866.00,   0.15
8973.00; 7237.00; 6522.00; 10852.00,   0.15
8973.00; 7237.00; 6522.00; 10852.00,   0.15
9024.00; 7203.00; 6599.00; 10869.00,   0.15
9024.00; 7203.00; 6599.00; 10869.00,   0.15
9134.00; 7189.00; 6684.00; 10888.00,   0.15
9270.00; 7174.00; 6857.00; 10881.00,   0.15
9270.00; 7174.00; 6857.00; 10881.00,   0.15
9488.00; 7165.00; 7132.00; 10820.00,   0.15
9664.00; 7103.00; 7401.00; 10625.00,   0.15
9664.00; 7103.00; 7401.00; 10625.00,   0.15
9825.00; 7018.00; 7632.00; 10372.00,   0.15
9825.00; 7018.00; 7632.00; 10372.00,   0.15
9948.00; 6923.00; 7786.00; 10058.00,   0.15
10031.00; 6828.00; 7872.00; 9760.00,   0.15
10031.00; 6828.00; 7872.00; 9760.00,   0.15
10085.00; 6732.00; 7901.00; 9491.00,   0.15
10085.00; 6732.00; 7901.00; 9491.00,   0.15
10146.00; 6663.00; 7911.00; 9275.00,   0.15
10195.00; 6598.00; 7924.00; 9115.00,   0.15
10195.00; 6598.00; 7924.00; 9115.00,   0.15
10251.00; 6554.00; 7931.00; 8994.00,   0.15
10326.00; 6530.00; 7945.00; 8931.00,   0.15
10326.00; 6530.00; 7945.00; 8931.00,   0.15
10381.00; 6495.00; 7992.00; 8917.00,   0.15
10381.00; 6495.00; 7992.00; 8917.00,   0.15
10434.00; 6462.00; 8063.00; 8949.00,   0.15
10494.00; 6416.00; 8134.00; 8991.00,   0.15
10494.00; 6416.00; 8134.00; 8991.00,   0.15
10536.00; 6354.00; 8190.00; 9044.00,   0.15
10559.00; 6281.00; 8228.00; 9047.00,   0.15
10559.00; 6281.00; 8228.00; 9047.00,   0.15
10588.00; 6252.00; 8219.00; 9007.00,   0.15
10588.00; 6252.00; 8219.00; 9007.00,   0.15
10594.00; 6222.00; 8213.00; 8979.00,   0.15
10588.00; 6214.00; 8201.00; 8961.00,   0.15
10588.00; 6214.00; 8201.00; 8961.00,   0.15
10560.00; 6204.00; 8180.00; 8941.00,   0.15
10550.00; 6189.00; 8122.00; 8896.00,   0.15
10550.00; 6189.00; 8122.00; 8896.00,   0.15
10544.00; 6191.00; 8078.00; 8886.00,   0.15
10544.00; 6191.00; 8078.00; 8886.00,   0.15
10543.00; 6245.00; 8060.00; 9011.00,   0.15
10558.00; 6351.00; 8042.00; 9053.00,   0.15
10558.00; 6351.00; 8042.00; 9053.00,   0.15
10588.00; 6480.00; 7987.00; 9084.00,   0.15
10588.00; 6480.00; 7987.00; 9084.00,   0.15
10627.00; 6604.00; 7932.00; 9058.00,   0.15
10660.00; 6719.00; 7877.00; 9032.00,   0.15
10660.00; 6719.00; 7877.00; 9032.00,   0.15
10694.00; 6799.00; 7814.00; 8966.00,   0.15
10703.00; 6845.00; 7729.00; 8900.00,   0.15
10703.00; 6845.00; 7729.00; 8900.00,   0.15
10681.00; 6857.00; 7676.00; 8852.00,   0.15
10681.00; 6857.00; 7676.00; 8852.00,   0.15
10676.00; 6868.00; 7646.00; 8822.00,   0.15
10684.00; 6893.00; 7619.00; 8802.00,   0.15
10684.00; 6893.00; 7619.00; 8802.00,   0.15
10690.00; 6923.00; 7604.00; 8798.00,   0.15
10690.00; 6923.00; 7604.00; 8798.00,   0.15
10691.00; 6935.00; 7607.00; 8799.00,   0.15
10689.00; 6949.00; 7611.00; 8803.00,   0.15
10689.00; 6949.00; 7611.00; 8803.00,   0.15
10687.00; 6961.00; 7619.00; 8819.00,   0.16
10682.00; 6964.00; 7632.00; 8835.00,   0.16
10682.00; 6964.00; 7632.00; 8835.00,   0.16
10690.00; 6997.00; 7621.00; 8840.00,   0.16
10690.00; 6997.00; 7621.00; 8840.00,   0.16
10688.00; 7010.00; 7605.00; 8837.00,   0.16
10694.00; 7025.00; 7576.00; 8834.00,   0.16
10694.00; 7025.00; 7576.00; 8834.00,   0.16
10673.00; 7043.00; 7550.00; 8835.00,   0.16
10660.00; 7045.00; 7538.00; 8864.00,   0.16
10660.00; 7045.00; 7538.00; 8864.00,   0.16
10634.00; 7050.00; 7520.00; 8882.00,   0.16
10634.00; 7050.00; 7520.00; 8882.00,   0.16
10605.00; 7054.00; 7516.00; 8915.00,   0.16
10577.00; 7039.00; 7516.00; 8939.00,   0.16
10577.00; 7039.00; 7516.00; 8939.00,   0.16
10554.00; 7033.00; 7530.00; 8966.00,   0.16
10554.00; 7033.00; 7530.00; 8966.00,   0.16
10531.00; 7037.00; 7522.00; 8984.00,   0.16
10513.00; 7034.00; 7523.00; 9002.00,   0.16
10513.00; 7034.00; 7523.00; 9002.00,   0.16
10499.00; 7037.00; 7522.00; 9022.00,   0.16
10483.00; 7038.00; 7522.00; 9043.00,   0.16
10483.00; 7038.00; 7522.00; 9043.00,   0.16
10461.00; 7034.00; 7523.00; 9063.00,   0.16
10461.00; 7034.00; 7523.00; 9063.00,   0.16
10441.00; 7026.00; 7518.00; 9084.00,   0.16
10421.00; 7021.00; 7523.00; 9104.00,   0.16
10421.00; 7021.00; 7523.00; 9104.00,   0.16
10397.00; 7008.00; 7514.00; 9123.00,   0.16
10371.00; 6997.00; 7525.00; 9154.00,   0.16
10371.00; 6997.00; 7525.00; 9154.00,   0.16
10346.00; 6979.00; 7524.00; 9175.00,   0.16
10346.00; 6979.00; 7524.00; 9175.00,   0.16
10319.00; 6974.00; 7531.00; 9193.00,   0.16
10296.00; 6957.00; 7536.00; 9223.00,   0.16
10296.00; 6957.00; 7536.00; 9223.00,   0.16
10283.00; 6942.00; 7563.00; 9264.00,   0.16
10264.00; 6924.00; 7584.00; 9307.00,   0.16
10264.00; 6924.00; 7584.00; 9307.00,   0.16
10250.00; 6912.00; 7601.00; 9341.00,   0.16
10250.00; 6912.00; 7601.00; 9341.00,   0.16
10233.00; 6899.00; 7616.00; 9376.00,   0.16
10224.00; 6902.00; 7640.00; 9410.00,   0.16
10224.00; 6902.00; 7640.00; 9410.00,   0.16
10208.00; 6899.00; 7656.00; 9443.00,   0.16
10204.00; 6896.00; 7657.00; 9454.00,   0.16
10204.00; 6896.00; 7657.00; 9454.00,   0.16
10189.00; 6885.00; 7646.00; 9448.00,   0.16
10189.00; 6885.00; 7646.00; 9448.00,   0.16
10176.00; 6879.00; 7634.00; 9429.00,   0.16
10167.00; 6871.00; 7620.00; 9427.00,   0.16
10167.00; 6871.00; 7620.00; 9427.00,   0.16
10164.00; 6863.00; 7614.00; 9426.00,   0.16
10164.00; 6863.00; 7614.00; 9426.00,   0.16
10165.00; 6868.00; 7611.00; 9427.00,   0.16
10161.00; 6865.00; 7598.00; 9425.00,   0.16
10161.00; 6865.00; 7598.00; 9425.00,   0.16
10153.00; 6861.00; 7596.00; 9438.00,   0.16
10153.00; 6867.00; 7607.00; 9458.00,   0.16
10153.00; 6867.00; 7607.00; 9458.00,   0.16
10149.00; 6870.00; 7612.00; 9472.00,   0.16
10149.00; 6870.00; 7612.00; 9472.00,   0.16
10151.00; 6877.00; 7607.00; 9473.00,   0.16
10159.00; 6874.00; 7609.00; 9476.00,   0.16
10159.00; 6874.00; 7609.00; 9476.00,   0.16
10154.00; 6876.00; 7604.00; 9482.00,   0.16
10157.00; 6876.00; 7610.00; 9482.00,   0.16
10157.00; 6876.00; 7610.00; 9481.00,   0.16
10147.00; 6879.00; 7604.00; 9486.00,   0.16
10147.00; 6879.00; 7604.00; 9486.00,   0.16
10146.00; 6874.00; 7590.00; 9477.00,   0.16
10142.00; 6877.00; 7582.00; 9487.00,   0.16
10142.00; 6877.00; 7582.00; 9487.00,   0.16
10145.00; 6880.00; 7585.00; 9484.00,   0.16
10145.00; 6880.00; 7585.00; 9484.00,   0.16
10139.00; 6875.00; 7594.00; 9503.00,   0.16
10127.00; 6890.00; 7594.00; 9524.00,   0.16
10127.00; 6890.00; 7594.00; 9524.00,   0.16
10129.00; 6884.00; 7594.00; 9521.00,   0.16
10123.00; 6875.00; 7584.00; 9524.00,   0.16
10123.00; 6875.00; 7584.00; 9524.00,   0.17
10111.00; 6882.00; 7572.00; 9520.00,   0.17
10111.00; 6882.00; 7572.00; 9520.00,   0.17
10100.00; 6869.00; 7563.00; 9509.00,   0.17
10083.00; 6865.00; 7560.00; 9497.00,   0.17
10083.00; 6865.00; 7560.00; 9497.00,   0.17
10081.00; 6856.00; 7551.00; 9503.00,   0.17
10081.00; 6856.00; 7551.00; 9503.00,   0.17
10076.00; 6857.00; 7560.00; 9523.00,   0.17
10075.00; 6860.00; 7564.00; 9536.00,   0.17
10075.00; 6860.00; 7564.00; 9536.00,   0.17
10070.00; 6858.00; 7563.00; 9537.00,   0.17
10062.00; 6847.00; 7546.00; 9518.00,   0.17
10062.00; 6847.00; 7546.00; 9518.00,   0.17
10057.00; 6846.00; 7552.00; 9520.00,   0.17
10057.00; 6846.00; 7552.00; 9520.00,   0.17
10061.00; 6850.00; 7564.00; 9519.00,   0.17
10070.00; 6853.00; 7584.00; 9538.00,   0.17
10070.00; 6853.00; 7584.00; 9538.00,   0.17
10079.00; 6854.00; 7607.00; 9561.00,   0.17
10076.00; 6854.00; 7629.00; 9565.00,   0.17
10076.00; 6853.00; 7629.00; 9565.00,   0.17
10076.00; 6851.00; 7637.00; 9575.00,   0.17
10076.00; 6851.00; 7637.00; 9575.00,   0.17
10071.00; 6846.00; 7633.00; 9556.00,   0.17
10075.00; 6840.00; 7612.00; 9538.00,   0.17
10075.00; 6840.00; 7612.00; 9538.00,   0.17
10084.00; 6845.00; 7595.00; 9524.00,   0.17
10084.00; 6845.00; 7595.00; 9524.00,   0.17
10083.00; 6838.00; 7577.00; 9504.00,   0.17
10080.00; 6832.00; 7558.00; 9486.00,   0.17
10080.00; 6832.00; 7558.00; 9486.00,   0.17
10082.00; 6824.00; 7549.00; 9482.00,   0.17
10084.00; 6824.00; 7539.00; 9480.00,   0.17
10084.00; 6824.00; 7539.00; 9480.00,   0.17
10085.00; 6825.00; 7545.00; 9489.00,   0.17
10085.00; 6825.00; 7545.00; 9489.00,   0.17
10079.00; 6825.00; 7541.00; 9502.00,   0.17
10066.00; 6813.00; 7545.00; 9517.00,   0.17
10066.00; 6813.00; 7545.00; 9517.00,   0.17
10065.00; 6813.00; 7558.00; 9535.00,   0.17
10065.00; 6813.00; 7558.00; 9535.00,   0.17
10058.00; 6818.00; 7560.00; 9560.00,   0.17
10059.00; 6825.00; 7568.00; 9581.00,   0.17
10059.00; 6825.00; 7568.00; 9581.00,   0.17
10050.00; 6824.00; 7572.00; 9599.00,   0.17
10039.00; 6818.00; 7577.00; 9627.00,   0.17
10039.00; 6818.00; 7577.00; 9627.00,   0.17
10032.00; 6821.00; 7577.00; 9644.00,   0.17
10027.00; 6813.00; 7575.00; 9655.00,   0.17
10027.00; 6813.00; 7575.00; 9655.00,   0.17
10023.00; 6809.00; 7563.00; 9663.00,   0.17
10023.00; 6809.00; 7563.00; 9663.00,   0.17
10016.00; 6807.00; 7542.00; 9670.00,   0.17
10007.00; 6806.00; 7531.00; 9687.00,   0.17
10007.00; 6806.00; 7531.00; 9687.00,   0.17
10009.00; 6812.00; 7534.00; 9713.00,   0.17
10010.00; 6815.00; 7543.00; 9728.00,   0.17
10010.00; 6815.00; 7543.00; 9728.00,   0.17
9998.00; 6817.00; 7548.00; 9749.00,   0.17
9998.00; 6817.00; 7548.00; 9749.00,   0.17
9993.00; 6815.00; 7564.00; 9777.00,   0.17
9984.00; 6814.00; 7567.00; 9816.00,   0.17
9984.00; 6814.00; 7567.00; 9816.00,   0.17
9970.00; 6816.00; 7571.00; 9847.00,   0.17
9954.00; 6806.00; 7558.00; 9847.00,   0.17
9954.00; 6806.00; 7558.00; 9847.00,   0.17
9938.00; 6802.00; 7526.00; 9841.00,   0.17
9938.00; 6802.00; 7526.00; 9841.00,   0.17
9923.00; 6792.00; 7499.00; 9823.00,   0.17
9909.00; 6781.00; 7477.00; 9809.00,   0.17
9909.00; 6781.00; 7477.00; 9809.00,   0.17
9898.00; 6771.00; 7459.00; 9815.00,   0.17
9884.00; 6762.00; 7456.00; 9821.00,   0.17
9884.00; 6762.00; 7456.00; 9821.00,   0.17
9890.00; 6773.00; 7454.00; 9828.00,   0.17
9890.00; 6773.00; 7454.00; 9828.00,   0.17
9885.00; 6777.00; 7450.00; 9833.00,   0.17
9883.00; 6786.00; 7444.00; 9837.00,   0.17
9883.00; 6786.00; 7444.00; 9837.00,   0.17
9883.00; 6790.00; 7463.00; 9862.00,   0.17
9883.00; 6790.00; 7463.00; 9862.00,   0.18
9893.00; 6793.00; 7482.00; 9888.00,   0.18
9892.00; 6806.00; 7507.00; 9910.00,   0.18
9892.00; 6806.00; 7507.00; 9910.00,   0.18
9902.00; 6821.00; 7520.00; 9936.00,   0.18
9897.00; 6820.00; 7539.00; 9943.00,   0.18
9897.00; 6820.00; 7539.00; 9943.00,   0.18
9897.00; 6820.00; 7525.00; 9937.00,   0.18
9897.00; 6820.00; 7525.00; 9937.00,   0.18
9893.00; 6827.00; 7507.00; 9914.00,   0.18
9899.00; 6825.00; 7486.00; 9879.00,   0.18
9899.00; 6825.00; 7486.00; 9879.00,   0.18
9901.00; 6831.00; 7470.00; 9872.00,   0.18
9901.00; 6837.00; 7465.00; 9873.00,   0.18
9901.00; 6837.00; 7465.00; 9873.00,   0.18
9905.00; 6844.00; 7453.00; 9857.00,   0.18
9905.00; 6844.00; 7453.00; 9857.00,   0.18
9899.00; 6836.00; 7435.00; 9839.00,   0.18
9893.00; 6839.00; 7425.00; 9829.00,   0.18
9893.00; 6839.00; 7425.00; 9829.00,   0.18
9891.00; 6847.00; 7435.00; 9843.00,   0.18
9891.00; 6847.00; 7435.00; 9843.00,   0.18
9900.00; 6847.00; 7457.00; 9862.00,   0.18
9903.00; 6857.00; 7455.00; 9860.00,   0.18
9903.00; 6857.00; 7455.00; 9860.00,   0.18
9894.00; 6846.00; 7436.00; 9841.00,   0.18
9892.00; 6854.00; 7419.00; 9812.00,   0.18
9892.00; 6854.00; 7419.00; 9812.00,   0.18
9892.00; 6849.00; 7397.00; 9782.00,   0.18
9892.00; 6849.00; 7397.00; 9782.00,   0.18
9885.00; 6845.00; 7403.00; 9756.00,   0.18
9886.00; 6842.00; 7410.00; 9745.00,   0.18
9886.00; 6842.00; 7410.00; 9745.00,   0.18
9893.00; 6847.00; 7422.00; 9745.00,   0.18
9893.00; 6847.00; 7422.00; 9745.00,   0.18
9894.00; 6851.00; 7441.00; 9761.00,   0.18
9896.00; 6848.00; 7454.00; 9776.00,   0.18
9896.00; 6848.00; 7454.00; 9776.00,   0.18
9893.00; 6845.00; 7454.00; 9785.00,   0.18
9892.00; 6848.00; 7445.00; 9785.00,   0.18
9892.00; 6848.00; 7445.00; 9785.00,   0.18
9885.00; 6848.00; 7447.00; 9787.00,   0.18
9885.00; 6848.00; 7447.00; 9787.00,   0.18
9876.00; 6851.00; 7446.00; 9805.00,   0.18
9880.00; 6850.00; 7451.00; 9817.00,   0.18
9880.00; 6850.00; 7451.00; 9817.00,   0.18
9882.00; 6851.00; 7453.00; 9842.00,   0.18
9882.00; 6863.00; 7449.00; 9867.00,   0.18
9882.00; 6863.00; 7449.00; 9867.00,   0.18
9880.00; 6859.00; 7455.00; 9885.00,   0.18
9880.00; 6859.00; 7455.00; 9885.00,   0.18
9886.00; 6878.00; 7481.00; 9926.00,   0.18
9904.00; 6890.00; 7503.00; 9969.00,   0.18
9904.00; 6890.00; 7503.00; 9969.00,   0.18
9911.00; 6893.00; 7497.00; 9978.00,   0.18
9911.00; 6893.00; 7497.00; 9978.00,   0.18
9905.00; 6892.00; 7488.00; 9979.00,   0.18
9909.00; 6897.00; 7477.00; 9973.00,   0.18
9909.00; 6897.00; 7477.00; 9973.00,   0.18
9908.00; 6889.00; 7463.00; 9978.00,   0.18
9896.00; 6888.00; 7448.00; 9970.00,   0.18
9896.00; 6888.00; 7448.00; 9970.00,   0.18
9891.00; 6885.00; 7430.00; 9954.00,   0.18
9891.00; 6885.00; 7430.00; 9954.00,   0.18
9892.00; 6888.00; 7424.00; 9954.00,   0.18
9897.00; 6892.00; 7441.00; 9976.00,   0.18
9897.00; 6892.00; 7441.00; 9976.00,   0.18
9901.00; 6896.00; 7445.00; 9985.00,   0.18
9899.00; 6892.00; 7454.00; 9982.00,   0.18
9899.00; 6892.00; 7454.00; 9982.00,   0.18
9895.00; 6882.00; 7443.00; 9978.00,   0.18
9895.00; 6882.00; 7443.00; 9978.00,   0.18
9892.00; 6885.00; 7438.00; 9977.00,   0.18
9913.00; 6882.00; 7447.00; 9984.00,   0.18
9913.00; 6882.00; 7447.00; 9984.00,   0.18
9918.00; 6886.00; 7457.00; 9992.00,   0.18
9918.00; 6886.00; 7457.00; 9992.00,   0.18
9912.00; 6889.00; 7460.00; 9988.00,   0.18
9915.00; 6883.00; 7455.00; 9970.00,   0.18
9915.00; 6883.00; 7455.00; 9970.00,   0.18
9915.00; 6881.00; 7443.00; 9971.00,   0.18
9919.00; 6889.00; 7438.00; 9961.00,   0.18
9919.00; 6889.00; 7438.00; 9961.00,   0.19
9907.00; 6877.00; 7416.00; 9918.00,   0.19
9907.00; 6877.00; 7416.00; 9918.00,   0.19
9913.00; 6860.00; 7410.00; 9890.00,   0.19
9906.00; 6853.00; 7409.00; 9883.00,   0.19
9906.00; 6853.00; 7409.00; 9883.00,   0.19
9904.00; 6840.00; 7413.00; 9872.00,   0.19
9894.00; 6831.00; 7408.00; 9879.00,   0.19
9894.00; 6831.00; 7408.00; 9879.00,   0.19
9888.00; 6828.00; 7407.00; 9892.00,   0.19
9888.00; 6828.00; 7407.00; 9892.00,   0.19
9877.00; 6816.00; 7412.00; 9891.00,   0.19
9879.00; 6821.00; 7411.00; 9879.00,   0.19
9879.00; 6821.00; 7411.00; 9879.00,   0.19
9881.00; 6811.00; 7414.00; 9873.00,   0.19
9881.00; 6811.00; 7414.00; 9873.00,   0.19
9880.00; 6818.00; 7412.00; 9871.00,   0.19
9880.00; 6815.00; 7423.00; 9872.00,   0.19
9880.00; 6815.00; 7423.00; 9872.00,   0.19
9887.00; 6810.00; 7425.00; 9879.00,   0.19
9878.00; 6802.00; 7446.00; 9880.00,   0.19
9878.00; 6802.00; 7446.00; 9880.00,   0.19
9879.00; 6792.00; 7459.00; 9884.00,   0.19
9879.00; 6792.00; 7459.00; 9884.00,   0.19
9870.00; 6783.00; 7468.00; 9888.00,   0.19
9857.00; 6780.00; 7483.00; 9890.00,   0.19
9857.00; 6780.00; 7483.00; 9890.00,   0.19
9859.00; 6775.00; 7498.00; 9899.00,   0.19
9854.00; 6771.00; 7516.00; 9912.00,   0.19
9854.00; 6771.00; 7516.00; 9912.00,   0.19
9854.00; 6762.00; 7524.00; 9916.00,   0.19
9854.00; 6762.00; 7524.00; 9916.00,   0.19
9852.00; 6765.00; 7532.00; 9926.00,   0.19
9851.00; 6771.00; 7535.00; 9925.00,   0.19
9851.00; 6771.00; 7535.00; 9925.00,   0.19
9845.00; 6772.00; 7541.00; 9920.00,   0.19
9841.00; 6761.00; 7549.00; 9932.00,   0.19
9841.00; 6761.00; 7549.00; 9932.00,   0.19
9833.00; 6751.00; 7559.00; 9935.00,   0.19
9833.00; 6751.00; 7559.00; 9935.00,   0.19
9818.00; 6750.00; 7557.00; 9946.00,   0.19
9811.00; 6737.00; 7561.00; 9935.00,   0.19
9811.00; 6737.00; 7561.00; 9935.00,   0.19
9809.00; 6736.00; 7571.00; 9946.00,   0.19
9809.00; 6736.00; 7571.00; 9946.00,   0.19
9811.00; 6737.00; 7605.00; 9983.00,   0.19
9815.00; 6748.00; 7652.00; 10032.00,   0.19
9815.00; 6748.00; 7652.00; 10032.00,   0.19
9819.00; 6761.00; 7670.00; 10063.00,   0.19
9819.00; 6750.00; 7679.00; 10051.00,   0.19
9819.00; 6750.00; 7679.00; 10051.00,   0.19
9800.00; 6744.00; 7644.00; 10025.00,   0.19
9800.00; 6744.00; 7644.00; 10025.00,   0.19
9791.00; 6727.00; 7615.00; 9985.00,   0.19
9780.00; 6720.00; 7603.00; 9969.00,   0.19
9780.00; 6720.00; 7603.00; 9969.00,   0.19
9771.00; 6716.00; 7593.00; 9950.00,   0.19
9771.00; 6716.00; 7599.00; 9950.00,   0.19
9767.00; 6712.00; 7599.00; 9955.00,   0.19
9775.00; 6715.00; 7609.00; 9967.00,   0.19
9775.00; 6715.00; 7609.00; 9967.00,   0.19
9770.00; 6712.00; 7618.00; 9968.00,   0.19
9771.00; 6712.00; 7626.00; 9972.00,   0.19
9771.00; 6712.00; 7626.00; 9972.00,   0.19
9778.00; 6718.00; 7646.00; 9991.00,   0.19
9778.00; 6718.00; 7646.00; 9991.00,   0.19
9785.00; 6723.00; 7655.00; 10001.00,   0.19
9781.00; 6726.00; 7648.00; 9997.00,   0.19
9781.00; 6726.00; 7648.00; 9997.00,   0.19
9787.00; 6732.00; 7638.00; 9993.00,   0.19
9779.00; 6732.00; 7642.00; 9995.00,   0.19
9779.00; 6732.00; 7642.00; 9995.00,   0.19
9776.00; 6726.00; 7631.00; 9995.00,   0.19
9776.00; 6726.00; 7631.00; 9995.00,   0.19
9768.00; 6719.00; 7622.00; 9993.00,   0.19
9756.00; 6730.00; 7606.00; 9985.00,   0.19
9756.00; 6730.00; 7606.00; 9985.00,   0.19
9761.00; 6722.00; 7593.00; 9974.00,   0.19
9761.00; 6722.00; 7593.00; 9974.00,   0.19
9757.00; 6718.00; 7590.00; 9978.00,   0.19
9753.00; 6710.00; 7598.00; 9984.00,   0.19
9753.00; 6710.00; 7598.00; 9984.00,   0.19
9749.00; 6705.00; 7603.00; 9990.00,   0.20
9743.00; 6700.00; 7608.00; 9988.00,   0.20
9743.00; 6700.00; 7608.00; 9988.00,   0.20
9749.00; 6709.00; 7616.00; 9992.00,   0.20
9749.00; 6709.00; 7616.00; 9992.00,   0.20
9749.00; 6699.00; 7619.00; 10004.00,   0.20
9753.00; 6698.00; 7638.00; 10010.00,   0.20
9753.00; 6698.00; 7638.00; 10010.00,   0.20
9749.00; 6697.00; 7638.00; 10022.00,   0.20
9759.00; 6697.00; 7641.00; 10019.00,   0.20
9759.00; 6697.00; 7641.00; 10019.00,   0.20
9765.00; 6702.00; 7640.00; 10009.00,   0.20
9765.00; 6702.00; 7640.00; 10009.00,   0.20
9767.00; 6704.00; 7644.00; 9996.00,   0.20
9762.00; 6695.00; 7647.00; 9997.00,   0.20
9762.00; 6695.00; 7647.00; 9997.00,   0.20
9763.00; 6690.00; 7645.00; 9985.00,   0.20
9770.00; 6683.00; 7653.00; 9988.00,   0.20
9770.00; 6683.00; 7653.00; 9988.00,   0.20
9771.00; 6684.00; 7662.00; 9985.00,   0.20
9771.00; 6684.00; 7662.00; 9985.00,   0.20
9771.00; 6681.00; 7680.00; 9988.00,   0.20
9770.00; 6667.00; 7688.00; 9982.00,   0.20
9770.00; 6667.00; 7688.00; 9982.00,   0.20
9777.00; 6650.00; 7709.00; 9968.00,   0.20
9777.00; 6650.00; 7709.00; 9968.00,   0.20
9778.00; 6637.00; 7721.00; 9948.00,   0.20
9786.00; 6629.00; 7732.00; 9921.00,   0.20
9786.00; 6629.00; 7732.00; 9921.00,   0.20
9794.00; 6620.00; 7745.00; 9908.00,   0.20
9812.00; 6613.00; 7780.00; 9900.00,   0.20
9812.00; 6613.00; 7780.00; 9900.00,   0.20
9828.00; 6609.00; 7802.00; 9894.00,   0.20
9828.00; 6609.00; 7802.00; 9894.00,   0.20
9840.00; 6609.00; 7821.00; 9883.00,   0.20
9849.00; 6597.00; 7834.00; 9887.00,   0.20
9849.00; 6597.00; 7834.00; 9887.00,   0.20
9839.00; 6598.00; 7840.00; 9885.00,   0.20
9839.00; 6598.00; 7840.00; 9885.00,   0.20
9833.00; 6598.00; 7835.00; 9900.00,   0.20
9817.00; 6600.00; 7823.00; 9905.00,   0.20
9817.00; 6600.00; 7823.00; 9905.00,   0.20
9813.00; 6604.00; 7780.00; 9912.00,   0.20
9882.00; 6634.00; 7661.00; 9882.00,   0.20
9882.00; 6634.00; 7661.00; 9882.00,   0.20
9976.00; 6680.00; 7494.00; 9842.00,   0.20
9976.00; 6680.00; 7494.00; 9842.00,   0.20
10066.00; 6733.00; 7307.00; 9818.00,   0.20
10143.00; 6813.00; 7118.00; 9840.00,   0.20
10143.00; 6813.00; 7118.00; 9840.00,   0.20
10197.00; 6924.00; 6942.00; 9927.00,   0.20
10184.00; 7036.00; 6826.00; 10087.00,   0.20
10184.00; 7036.00; 6826.00; 10087.00,   0.20
10116.00; 7150.00; 6806.00; 10314.00,   0.20
10116.00; 7150.00; 6806.00; 10314.00,   0.20
9988.00; 7239.00; 6794.00; 10579.00,   0.20
9772.00; 7265.00; 6757.00; 10833.00,   0.20
9772.00; 7265.00; 6757.00; 10833.00,   0.20
9509.00; 7279.00; 6686.00; 11009.00,   0.20
9509.00; 7279.00; 6686.00; 11009.00,   0.20
9263.00; 7310.00; 6618.00; 11105.00,   0.20
9110.00; 7356.00; 6578.00; 11147.00,   0.20
9110.00; 7356.00; 6578.00; 11147.00,   0.20
9020.00; 7385.00; 6535.00; 11143.00,   0.20
8966.00; 7422.00; 6508.00; 11104.00,   0.20
8966.00; 7422.00; 6508.00; 11104.00,   0.20
8970.00; 7462.00; 6493.00; 11044.00,   0.20
8970.00; 7462.00; 6493.00; 11044.00,   0.20
8980.00; 7488.00; 6473.00; 10973.00,   0.20
8989.00; 7510.00; 6445.00; 10880.00,   0.20
8989.00; 7510.00; 6445.00; 10880.00,   0.20
8987.00; 7510.00; 6410.00; 10771.00,   0.20
8993.00; 7530.00; 6391.00; 10682.00,   0.20
8993.00; 7530.00; 6391.00; 10682.00,   0.20
8999.00; 7534.00; 6378.00; 10643.00,   0.20
8999.00; 7534.00; 6378.00; 10643.00,   0.20
9005.00; 7535.00; 6390.00; 10644.00,   0.20
9007.00; 7531.00; 6422.00; 10698.00,   0.20
9007.00; 7531.00; 6422.00; 10698.00,   0.20
9019.00; 7554.00; 6446.00; 10781.00,   0.20
9018.00; 7564.00; 6466.00; 10855.00,   0.20
9018.00; 7564.00; 6466.00; 10855.00,   0.21
9018.00; 7565.00; 6489.00; 10913.00,   0.21
9018.00; 7565.00; 6489.00; 10913.00,   0.21
9012.00; 7557.00; 6495.00; 10928.00,   0.21
9011.00; 7538.00; 6493.00; 10916.00,   0.21
9011.00; 7538.00; 6493.00; 10916.00,   0.21
9003.00; 7512.00; 6484.00; 10895.00,   0.21
8995.00; 7476.00; 6474.00; 10871.00,   0.21
8995.00; 7476.00; 6474.00; 10871.00,   0.21
8974.00; 7427.00; 6453.00; 10806.00,   0.21
8974.00; 7427.00; 6453.00; 10806.00,   0.21
8954.00; 7353.00; 6417.00; 10705.00,   0.21
8936.00; 7294.00; 6386.00; 10612.00,   0.21
8936.00; 7294.00; 6386.00; 10612.00,   0.21
8919.00; 7232.00; 6348.00; 10517.00,   0.21
8919.00; 7232.00; 6348.00; 10517.00,   0.21
8893.00; 7137.00; 6302.00; 10365.00,   0.21
8868.00; 7032.00; 6240.00; 10188.00,   0.21
8868.00; 7032.00; 6240.00; 10188.00,   0.21
8865.00; 7036.00; 6225.00; 10165.00,   0.21
8874.00; 7059.00; 6256.00; 10227.00,   0.21
8874.00; 7059.00; 6256.00; 10227.00,   0.21
8867.00; 7059.00; 6231.00; 10188.00,   0.21
8867.00; 7059.00; 6231.00; 10188.00,   0.21
8848.00; 6976.00; 6156.00; 9971.00,   0.21
8822.00; 6919.00; 6068.00; 9712.00,   0.21
8822.00; 6919.00; 6068.00; 9712.00,   0.21
8804.00; 6834.00; 5976.00; 9434.00,   0.21
8779.00; 6741.00; 5899.00; 9190.00,   0.21
8779.00; 6741.00; 5899.00; 9190.00,   0.21
8759.00; 6654.00; 5822.00; 8937.00,   0.21
8759.00; 6654.00; 5822.00; 8937.00,   0.21
8724.00; 6543.00; 5729.00; 8644.00,   0.21
8706.00; 6434.00; 5635.00; 8374.00,   0.21
8706.00; 6434.00; 5635.00; 8374.00,   0.21
8678.00; 6317.00; 5545.00; 8075.00,   0.21
8639.00; 6174.00; 5436.00; 7748.00,   0.21
8639.00; 6174.00; 5436.00; 7748.00,   0.21
8610.00; 6047.00; 5335.00; 7458.00,   0.21
8610.00; 6047.00; 5335.00; 7458.00,   0.21
8573.00; 5904.00; 5245.00; 7166.00,   0.21
8544.00; 5769.00; 5163.00; 6924.00,   0.21
8544.00; 5769.00; 5163.00; 6924.00,   0.21
8523.00; 5644.00; 5096.00; 6737.00,   0.21
8523.00; 5644.00; 5096.00; 6737.00,   0.21
8501.00; 5566.00; 5060.00; 6653.00,   0.21
8484.00; 5548.00; 5051.00; 6627.00,   0.21
8484.00; 5548.00; 5051.00; 6627.00,   0.21
8487.00; 5546.00; 5048.00; 6624.00,   0.21
8486.00; 5547.00; 5049.00; 6631.00,   0.21
8486.00; 5547.00; 5049.00; 6631.00,   0.21
8490.00; 5558.00; 5051.00; 6627.00,   0.21
8490.00; 5558.00; 5051.00; 6627.00,   0.21
8483.00; 5556.00; 5051.00; 6627.00,   0.21
8486.00; 5554.00; 5050.00; 6627.00,   0.21
8486.00; 5554.00; 5050.00; 6627.00,   0.21
8483.00; 5547.00; 5048.00; 6631.00,   0.21
8483.00; 5547.00; 5048.00; 6631.00,   0.21
8485.00; 5552.00; 5046.00; 6627.00,   0.21
8481.00; 5550.00; 5045.00; 6625.00,   0.21
8481.00; 5550.00; 5045.00; 6625.00,   0.21
8482.00; 5550.00; 5050.00; 6627.00,   0.21
8482.00; 5549.00; 5049.00; 6625.00,   0.21
8482.00; 5549.00; 5049.00; 6625.00,   0.21
8484.00; 5547.00; 5047.00; 6628.00,   0.21
8484.00; 5547.00; 5047.00; 6628.00,   0.21
8482.00; 5549.00; 5046.00; 6625.00,   0.21
8479.00; 5551.00; 5047.00; 6625.00,   0.21
8479.00; 5551.00; 5047.00; 6625.00,   0.21
8490.00; 5552.00; 5047.00; 6622.00,   0.21
8487.00; 5552.00; 5051.00; 6628.00,   0.21
8487.00; 5551.00; 5051.00; 6628.00,   0.21
8490.00; 5551.00; 5050.00; 6624.00,   0.21
8490.00; 5551.00; 5050.00; 6624.00,   0.21
8484.00; 5548.00; 5049.00; 6628.00,   0.21
8490.00; 5549.00; 5053.00; 6629.00,   0.21
8490.00; 5549.00; 5053.00; 6629.00,   0.21
8484.00; 5551.00; 5048.00; 6625.00,   0.21
8484.00; 5551.00; 5048.00; 6625.00,   0.21
8485.00; 5550.00; 5052.00; 6630.00,   0.21
8481.00; 5550.00; 5046.00; 6621.00,   0.21
8481.00; 5550.00; 5046.00; 6621.00,   0.22
8487.00; 5549.00; 5047.00; 6624.00,   0.22
8484.00; 5549.00; 5048.00; 6625.00,   0.22
8484.00; 5549.00; 5048.00; 6625.00,   0.22
8485.00; 5552.00; 5046.00; 6624.00,   0.22
8485.00; 5552.00; 5046.00; 6624.00,   0.22
8478.00; 5546.00; 5045.00; 6626.00,   0.22
8481.00; 5560.00; 5047.00; 6624.00,   0.22
8481.00; 5560.00; 5047.00; 6624.00,   0.22
8483.00; 5561.00; 5048.00; 6629.00,   0.22
8480.00; 5551.00; 5049.00; 6626.00,   0.22
8480.00; 5551.00; 5049.00; 6626.00,   0.22
8483.00; 5551.00; 5041.00; 6624.00,   0.22
8483.00; 5551.00; 5041.00; 6624.00,   0.22
8477.00; 5545.00; 5050.00; 6625.00,   0.22
8487.00; 5552.00; 5050.00; 6622.00,   0.22
8487.00; 5552.00; 5050.00; 6622.00,   0.22
8488.00; 5552.00; 5046.00; 6624.00,   0.22
8488.00; 5552.00; 5053.00; 6624.00,   0.22
8483.00; 5547.00; 5053.00; 6623.00,   0.22
8481.00; 5551.00; 5053.00; 6620.00,   0.22
8481.00; 5551.00; 5053.00; 6620.00,   0.22
8482.00; 5552.00; 5043.00; 6621.00,   0.22
8485.00; 5553.00; 5050.00; 6621.00,   0.22
8485.00; 5553.00; 5050.00; 6621.00,   0.22
8489.00; 5548.00; 5042.00; 6619.00,   0.22
8489.00; 5548.00; 5042.00; 6619.00,   0.22
8485.00; 5549.00; 5044.00; 6624.00,   0.22
8480.00; 5550.00; 5044.00; 6627.00,   0.22
8480.00; 5550.00; 5044.00; 6627.00,   0.22
8488.00; 5553.00; 5046.00; 6621.00,   0.22
8481.00; 5547.00; 5050.00; 6623.00,   0.22
8481.00; 5547.00; 5050.00; 6623.00,   0.22
8478.00; 5552.00; 5048.00; 6625.00,   0.22
8478.00; 5552.00; 5048.00; 6625.00,   0.22
8484.00; 5549.00; 5045.00; 6625.00,   0.22
8476.00; 5547.00; 5055.00; 6624.00,   0.22
8476.00; 5547.00; 5055.00; 6624.00,   0.22
8479.00; 5553.00; 5049.00; 6632.00,   0.22
8481.00; 5549.00; 5049.00; 6621.00,   0.22
8481.00; 5549.00; 5049.00; 6621.00,   0.22
8482.00; 5553.00; 5047.00; 6622.00,   0.22
8482.00; 5553.00; 5047.00; 6622.00,   0.22
8483.00; 5555.00; 5048.00; 6623.00,   0.22
8480.00; 5554.00; 5041.00; 6625.00,   0.22
8480.00; 5554.00; 5041.00; 6625.00,   0.22
8482.00; 5551.00; 5048.00; 6619.00,   0.22
8482.00; 5551.00; 5048.00; 6619.00,   0.22
8481.00; 5554.00; 5048.00; 6622.00,   0.22
8481.00; 5553.00; 5048.00; 6626.00,   0.22
8481.00; 5553.00; 5048.00; 6626.00,   0.22
8482.00; 5548.00; 5044.00; 6623.00,   0.22
8480.00; 5551.00; 5047.00; 6624.00,   0.22
8480.00; 5551.00; 5047.00; 6624.00,   0.22
8481.00; 5551.00; 5046.00; 6621.00,   0.22
8481.00; 5551.00; 5046.00; 6621.00,   0.22
8478.00; 5547.00; 5045.00; 6622.00,   0.22
8486.00; 5551.00; 5052.00; 6623.00,   0.22
8486.00; 5551.00; 5052.00; 6623.00,   0.22
8476.00; 5548.00; 5044.00; 6623.00,   0.22
8479.00; 5556.00; 5048.00; 6616.00,   0.22
8479.00; 5556.00; 5048.00; 6616.00,   0.22
8483.00; 5553.00; 5048.00; 6623.00,   0.22
8483.00; 5553.00; 5048.00; 6623.00,   0.22
8487.00; 5549.00; 5050.00; 6624.00,   0.22
8481.00; 5554.00; 5052.00; 6632.00,   0.22
8481.00; 5554.00; 5052.00; 6632.00,   0.22
8481.00; 5551.00; 5049.00; 6633.00,   0.22
8481.00; 5551.00; 5047.00; 6622.00,   0.22
8481.00; 5551.00; 5047.00; 6622.00,   0.22
8483.00; 5550.00; 5051.00; 6617.00,   0.22
8483.00; 5550.00; 5051.00; 6617.00,   0.22
8486.00; 5547.00; 5050.00; 6624.00,   0.22
8480.00; 5547.00; 5046.00; 6624.00,   0.22
8480.00; 5547.00; 5046.00; 6624.00,   0.22
8482.00; 5547.00; 5045.00; 6623.00,   0.22
8482.00; 5547.00; 5045.00; 6623.00,   0.22
8482.00; 5552.00; 5045.00; 6625.00,   0.22
8480.00; 5550.00; 5052.00; 6627.00,   0.22
8480.00; 5550.00; 5052.00; 6627.00,   0.22
8480.00; 5555.00; 5044.00; 6621.00,   0.22
8478.00; 5547.00; 5051.00; 6623.00,   0.22
8478.00; 5547.00; 5051.00; 6623.00,   0.22
8486.00; 5551.00; 5049.00; 6624.00,   0.23
8483.00; 5547.00; 5047.00; 6623.00,   0.23
8483.00; 5547.00; 5047.00; 6623.00,   0.23
8481.00; 5552.00; 5052.00; 6626.00,   0.23
8481.00; 5552.00; 5052.00; 6626.00,   0.23
8482.00; 5553.00; 5048.00; 6623.00,   0.23
8489.00; 5550.00; 5042.00; 6624.00,   0.23
8489.00; 5550.00; 5042.00; 6624.00,   0.23
8482.00; 5549.00; 5049.00; 6620.00,   0.23
8473.00; 5551.00; 5049.00; 6618.00,   0.23
8473.00; 5551.00; 5049.00; 6618.00,   0.23
8476.00; 5547.00; 5048.00; 6623.00,   0.23
8476.00; 5547.00; 5048.00; 6623.00,   0.23
8487.00; 5553.00; 5050.00; 6619.00,   0.23
8482.00; 5553.00; 5048.00; 6626.00,   0.23
8482.00; 5553.00; 5048.00; 6626.00,   0.23
8489.00; 5555.00; 5048.00; 6631.00,   0.23
8480.00; 5553.00; 5052.00; 6623.00,   0.23
8480.00; 5553.00; 5052.00; 6623.00,   0.23
8483.00; 5542.00; 5054.00; 6626.00,   0.23
8483.00; 5542.00; 5054.00; 6626.00,   0.23
8481.00; 5553.00; 5047.00; 6626.00,   0.23
8483.00; 5547.00; 5052.00; 6624.00,   0.23
8483.00; 5547.00; 5052.00; 6624.00,   0.23
8477.00; 5544.00; 5047.00; 6621.00,   0.23
8477.00; 5544.00; 5047.00; 6621.00,   0.23
8485.00; 5545.00; 5048.00; 6628.00,   0.23
8479.00; 5550.00; 5055.00; 6622.00,   0.23
8479.00; 5550.00; 5055.00; 6622.00,   0.23
8484.00; 5549.00; 5051.00; 6626.00,   0.23
8478.00; 5557.00; 5052.00; 6621.00,   0.23
8478.00; 5557.00; 5052.00; 6621.00,   0.23
8485.00; 5551.00; 5046.00; 6621.00,   0.23
8485.00; 5551.00; 5046.00; 6621.00,   0.23
8479.00; 5551.00; 5043.00; 6621.00,   0.23
8482.00; 5549.00; 5050.00; 6626.00,   0.23
8482.00; 5549.00; 5050.00; 6626.00,   0.23
8482.00; 5553.00; 5048.00; 6623.00,   0.23
8482.00; 5553.00; 5048.00; 6623.00,   0.23
8483.00; 5554.00; 5045.00; 6630.00,   0.23
8479.00; 5553.00; 5045.00; 6626.00,   0.23
8479.00; 5553.00; 5045.00; 6626.00,   0.23
8480.00; 5551.00; 5050.00; 6626.00,   0.23
8481.00; 5549.00; 5051.00; 6621.00,   0.23
8481.00; 5549.00; 5051.00; 6621.00,   0.23
8485.00; 5550.00; 5051.00; 6619.00,   0.23
8485.00; 5550.00; 5051.00; 6619.00,   0.23
8479.00; 5552.00; 5053.00; 6620.00,   0.23
8490.00; 5552.00; 5049.00; 6623.00,   0.23
8490.00; 5552.00; 5049.00; 6623.00,   0.23
8489.00; 5554.00; 5048.00; 6624.00,   0.23
8480.00; 5546.00; 5049.00; 6625.00,   0.23
8480.00; 5546.00; 5049.00; 6625.00,   0.23
8482.00; 5552.00; 5055.00; 6620.00,   0.23
8482.00; 5552.00; 5055.00; 6620.00,   0.23
8484.00; 5552.00; 5040.00; 6623.00,   0.23
8481.00; 5548.00; 5047.00; 6623.00,   0.23
8481.00; 5548.00; 5047.00; 6623.00,   0.23
8484.00; 5553.00; 5050.00; 6621.00,   0.23
8482.00; 5552.00; 5048.00; 6621.00,   0.23
8482.00; 5552.00; 5048.00; 6621.00,   0.23
8486.00; 5551.00; 5052.00; 6626.00,   0.23
8486.00; 5551.00; 5052.00; 6626.00,   0.23
8482.00; 5549.00; 5055.00; 6624.00,   0.23
8481.00; 5554.00; 5039.00; 6622.00,   0.23
8481.00; 5554.00; 5039.00; 6622.00,   0.23
8483.00; 5549.00; 5048.00; 6624.00,   0.23
8481.00; 5545.00; 5047.00; 6620.00,   0.23
8481.00; 5545.00; 5047.00; 6620.00,   0.23
8481.00; 5550.00; 5051.00; 6625.00,   0.23
8481.00; 5550.00; 5051.00; 6625.00,   0.23
8478.00; 5547.00; 5047.00; 6618.00,   0.23
8481.00; 5551.00; 5048.00; 6619.00,   0.23
8481.00; 5551.00; 5048.00; 6619.00,   0.23
8483.00; 5548.00; 5039.00; 6625.00,   0.23
8481.00; 5552.00; 5053.00; 6621.00,   0.23
8481.00; 5552.00; 5053.00; 6621.00,   0.23
8484.00; 5550.00; 5048.00; 6619.00,   0.23
8484.00; 5550.00; 5048.00; 6619.00,   0.23
8481.00; 5546.00; 5049.00; 6625.00,   0.23
8487.00; 5554.00; 5053.00; 6627.00,   0.23
8487.00; 5554.00; 5053.00; 6627.00,   0.23
8483.00; 5545.00; 5049.00; 6621.00,   0.23
8480.00; 5551.00; 5054.00; 6625.00,   0.23
8480.00; 5551.00; 5054.00; 6625.00,   0.24
8481.00; 5553.00; 5047.00; 6621.00,   0.24
8481.00; 5553.00; 5047.00; 6621.00,   0.24
8488.00; 5551.00; 5050.00; 6621.00,   0.24
8485.00; 5554.00; 5048.00; 6622.00,   0.24
8485.00; 5554.00; 5048.00; 6622.00,   0.24
8486.00; 5549.00; 5051.00; 6625.00,   0.24
8492.00; 5549.00; 5049.00; 6625.00,   0.24
8492.00; 5549.00; 5049.00; 6625.00,   0.24
8483.00; 5553.00; 5046.00; 6622.00,   0.24
8483.00; 5553.00; 5046.00; 6622.00,   0.24
8481.00; 5546.00; 5049.00; 6618.00,   0.24
8476.00; 5552.00; 5047.00; 6622.00,   0.24
8476.00; 5552.00; 5047.00; 6622.00,   0.24
8475.00; 5555.00; 5045.00; 6622.00,   0.24
8475.00; 5555.00; 5045.00; 6622.00,   0.24
8483.00; 5546.00; 5046.00; 6623.00,   0.24
8481.00; 5552.00; 5049.00; 6622.00,   0.24
8481.00; 5552.00; 5049.00; 6622.00,   0.24
8482.00; 5549.00; 5052.00; 6619.00,   0.24
8480.00; 5543.00; 5046.00; 6626.00,   0.24
8480.00; 5543.00; 5046.00; 6626.00,   0.24
8476.00; 5550.00; 5047.00; 6625.00,   0.24
8476.00; 5550.00; 5047.00; 6625.00,   0.24
8485.00; 5543.00; 5046.00; 6627.00,   0.24
8480.00; 5546.00; 5046.00; 6623.00,   0.24
8480.00; 5546.00; 5046.00; 6623.00,   0.24
8487.00; 5550.00; 5045.00; 6625.00,   0.24
8478.00; 5559.00; 5048.00; 6618.00,   0.24
8478.00; 5559.00; 5048.00; 6618.00,   0.24
8480.00; 5553.00; 5052.00; 6628.00,   0.24
8480.00; 5553.00; 5052.00; 6628.00,   0.24
8485.00; 5554.00; 5051.00; 6616.00,   0.24
8480.00; 5554.00; 5049.00; 6627.00,   0.24
8480.00; 5554.00; 5049.00; 6627.00,   0.24
8487.00; 5549.00; 5053.00; 6619.00,   0.24
8487.00; 5549.00; 5053.00; 6619.00,   0.24
8481.00; 5549.00; 5044.00; 6626.00,   0.24
8478.00; 5553.00; 5056.00; 6621.00,   0.24
8478.00; 5553.00; 5056.00; 6621.00,   0.24
8486.00; 5545.00; 5048.00; 6621.00,   0.24
8484.00; 5551.00; 5050.00; 6619.00,   0.24
8484.00; 5551.00; 5050.00; 6619.00,   0.24
8485.00; 5556.00; 5042.00; 6628.00,   0.24
8485.00; 5556.00; 5042.00; 6628.00,   0.24
8482.00; 5547.00; 5051.00; 6624.00,   0.24
8479.00; 5552.00; 5050.00; 6622.00,   0.24
8479.00; 5552.00; 5050.00; 6622.00,   0.24
8487.00; 5546.00; 5041.00; 6627.00,   0.24
8487.00; 5546.00; 5041.00; 6627.00,   0.24
8484.00; 5552.00; 5043.00; 6625.00,   0.24
8488.00; 5554.00; 5047.00; 6620.00,   0.24
8488.00; 5554.00; 5047.00; 6620.00,   0.24
8481.00; 5545.00; 5048.00; 6623.00,   0.24
8481.00; 5556.00; 5051.00; 6624.00,   0.24
8481.00; 5556.00; 5051.00; 6624.00,   0.24
8482.00; 5558.00; 5050.00; 6624.00,   0.24
8482.00; 5558.00; 5050.00; 6624.00,   0.24
8484.00; 5549.00; 5047.00; 6620.00,   0.24
8479.00; 5551.00; 5054.00; 6625.00,   0.24
8479.00; 5551.00; 5054.00; 6625.00,   0.24
8483.00; 5548.00; 5045.00; 6622.00,   0.24
8483.00; 5546.00; 5048.00; 6625.00,   0.24
8483.00; 5546.00; 5048.00; 6625.00,   0.24
8481.00; 5544.00; 5047.00; 6622.00,   0.24
8481.00; 5544.00; 5047.00; 6622.00,   0.24
8480.00; 5546.00; 5046.00; 6622.00,   0.24
8482.00; 5552.00; 5048.00; 6623.00,   0.24
8482.00; 5552.00; 5048.00; 6623.00,   0.24
8483.00; 5546.00; 5047.00; 6624.00,   0.24
8483.00; 5546.00; 5047.00; 6624.00,   0.24
8484.00; 5552.00; 5045.00; 6627.00,   0.24
8483.00; 5547.00; 5059.00; 6625.00,   0.24
8483.00; 5547.00; 5059.00; 6625.00,   0.24
8485.00; 5552.00; 5047.00; 6624.00,   0.24
8481.00; 5550.00; 5049.00; 6627.00,   0.24
8481.00; 5550.00; 5049.00; 6627.00,   0.24
8486.00; 5551.00; 5054.00; 6623.00,   0.24
8486.00; 5551.00; 5054.00; 6623.00,   0.24
8479.00; 5545.00; 5047.00; 6623.00,   0.24
8490.00; 5549.00; 5053.00; 6624.00,   0.24
8490.00; 5549.00; 5053.00; 6624.00,   0.24
8481.00; 5557.00; 5048.00; 6620.00,   0.24
8484.00; 5549.00; 5051.00; 6620.00,   0.24
8484.00; 5549.00; 5051.00; 6620.00,   0.24
8483.00; 5550.00; 5049.00; 6622.00,   0.24
8483.00; 5550.00; 5049.00; 6622.00,   0.24
8487.00; 5541.00; 5052.00; 6629.00,   0.24
8480.00; 5556.00; 5053.00; 6624.00,   0.24
8480.00; 5556.00; 5053.00; 6624.00,   0.24
8482.00; 5547.00; 5048.00; 6621.00,   0.24
8482.00; 5547.00; 5048.00; 6621.00,   0.25
8481.00; 5549.00; 5045.00; 6626.00,   0.25
8486.00; 5545.00; 5048.00; 6621.00,   0.25
8486.00; 5545.00; 5048.00; 6621.00,   0.25
8479.00; 5553.00; 5044.00; 6625.00,   0.25
8480.00; 5548.00; 5048.00; 6628.00,   0.25
8480.00; 5548.00; 5048.00; 6628.00,   0.25
8474.00; 5549.00; 5046.00; 6624.00,   0.25
8474.00; 5549.00; 5046.00; 6624.00,   0.25
8479.00; 5550.00; 5050.00; 6623.00,   0.25
8485.00; 5554.00; 5044.00; 6622.00,   0.25
8485.00; 5554.00; 5044.00; 6622.00,   0.25
8479.00; 5549.00; 5049.00; 6622.00,   0.25
8482.00; 5546.00; 5051.00; 6621.00,   0.25
8482.00; 5546.00; 5051.00; 6621.00,   0.25
8479.00; 5551.00; 5048.00; 6619.00,   0.25
8479.00; 5551.00; 5048.00; 6619.00,   0.25
8485.00; 5553.00; 5046.00; 6623.00,   0.25
8483.00; 5555.00; 5052.00; 6624.00,   0.25
8483.00; 5555.00; 5052.00; 6624.00,   0.25
8484.00; 5556.00; 5041.00; 6628.00,   0.25
8484.00; 5556.00; 5041.00; 6628.00,   0.25
8480.00; 5550.00; 5048.00; 6626.00,   0.25
8478.00; 5550.00; 5048.00; 6625.00,   0.25
8478.00; 5550.00; 5048.00; 6625.00,   0.25
8485.00; 5555.00; 5046.00; 6626.00,   0.25
8486.00; 5549.00; 5047.00; 6625.00,   0.25
8486.00; 5549.00; 5047.00; 6625.00,   0.25
8478.00; 5544.00; 5050.00; 6620.00,   0.25
8478.00; 5544.00; 5050.00; 6620.00,   0.25
8473.00; 5548.00; 5046.00; 6627.00,   0.25
8478.00; 5554.00; 5046.00; 6623.00,   0.25
8478.00; 5554.00; 5046.00; 6623.00,   0.25
8481.00; 5556.00; 5044.00; 6623.00,   0.25
8476.00; 5548.00; 5045.00; 6621.00,   0.25
8476.00; 5548.00; 5045.00; 6621.00,   0.25
8483.00; 5552.00; 5055.00; 6625.00,   0.25
8483.00; 5552.00; 5055.00; 6625.00,   0.25
8480.00; 5549.00; 5047.00; 6619.00,   0.25
8479.00; 5552.00; 5054.00; 6616.00,   0.25
8479.00; 5552.00; 5054.00; 6616.00,   0.25
8483.00; 5545.00; 5044.00; 6620.00,   0.25
8483.00; 5545.00; 5044.00; 6620.00,   0.25
8479.00; 5553.00; 5052.00; 6624.00,   0.25
8485.00; 5550.00; 5051.00; 6622.00,   0.25
8485.00; 5550.00; 5051.00; 6622.00,   0.25
8482.00; 5546.00; 5052.00; 6620.00,   0.25
8482.00; 5552.00; 5051.00; 6623.00,   0.25
8482.00; 5552.00; 5051.00; 6623.00,   0.25
8482.00; 5548.00; 5052.00; 6621.00,   0.25
8482.00; 5548.00; 5052.00; 6621.00,   0.25
8481.00; 5546.00; 5047.00; 6622.00,   0.25
8477.00; 5552.00; 5047.00; 6625.00,   0.25
8477.00; 5552.00; 5047.00; 6625.00,   0.25
8478.00; 5553.00; 5050.00; 6622.00,   0.25
8482.00; 5551.00; 5049.00; 6628.00,   0.25
8482.00; 5551.00; 5049.00; 6628.00,   0.25
8479.00; 5547.00; 5045.00; 6620.00,   0.25
8479.00; 5547.00; 5045.00; 6620.00,   0.25
8481.00; 5551.00; 5048.00; 6625.00,   0.25
8481.00; 5551.00; 5047.00; 6623.00,   0.25
8481.00; 5551.00; 5047.00; 6623.00,   0.25
8483.00; 5549.00; 5046.00; 6625.00,   0.25
8483.00; 5549.00; 5045.00; 6625.00,   0.25
8482.00; 5552.00; 5045.00; 6616.00,   0.25
8488.00; 5555.00; 5052.00; 6626.00,   0.25
8488.00; 5555.00; 5052.00; 6626.00,   0.25
8482.00; 5549.00; 5049.00; 6621.00,   0.25
8480.00; 5552.00; 5046.00; 6618.00,   0.25
8480.00; 5552.00; 5046.00; 6618.00,   0.25
8484.00; 5553.00; 5049.00; 6623.00,   0.25
8484.00; 5553.00; 5049.00; 6623.00,   0.25
8478.00; 5551.00; 5052.00; 6618.00,   0.25
8482.00; 5551.00; 5051.00; 6624.00,   0.25
8482.00; 5551.00; 5051.00; 6624.00,   0.25
8482.00; 5547.00; 5046.00; 6624.00,   0.25
8480.00; 5553.00; 5046.00; 6620.00,   0.25
8480.00; 5553.00; 5046.00; 6620.00,   0.25
8479.00; 5548.00; 5050.00; 6623.00,   0.25
8479.00; 5548.00; 5050.00; 6623.00,   0.25
8484.00; 5554.00; 5053.00; 6624.00,   0.25
8481.00; 5548.00; 5051.00; 6624.00,   0.25
8481.00; 5548.00; 5051.00; 6624.00,   0.25
8482.00; 5551.00; 5048.00; 6624.00,   0.25
8480.00; 5552.00; 5045.00; 6621.00,   0.25
8480.00; 5552.00; 5045.00; 6621.00,   0.26
8479.00; 5550.00; 5051.00; 6626.00,   0.26
8479.00; 5550.00; 5051.00; 6626.00,   0.26
8486.00; 5549.00; 5049.00; 6620.00,   0.26
8478.00; 5550.00; 5052.00; 6621.00,   0.26
8478.00; 5550.00; 5052.00; 6621.00,   0.26
8481.00; 5556.00; 5047.00; 6620.00,   0.26
8481.00; 5556.00; 5047.00; 6620.00,   0.26
8476.00; 5552.00; 5050.00; 6618.00,   0.26
8485.00; 5544.00; 5040.00; 6620.00,   0.26
8485.00; 5544.00; 5040.00; 6620.00,   0.26
8479.00; 5554.00; 5051.00; 6622.00,   0.26
8481.00; 5547.00; 5047.00; 6625.00,   0.26
8481.00; 5547.00; 5047.00; 6625.00,   0.26
8482.00; 5551.00; 5043.00; 6625.00,   0.26
8482.00; 5551.00; 5043.00; 6625.00,   0.26
8479.00; 5553.00; 5047.00; 6625.00,   0.26
8485.00; 5549.00; 5048.00; 6623.00,   0.26
8485.00; 5549.00; 5048.00; 6623.00,   0.26
8484.00; 5552.00; 5046.00; 6620.00,   0.26
8480.00; 5552.00; 5052.00; 6621.00,   0.26
8480.00; 5552.00; 5052.00; 6621.00,   0.26
8483.00; 5548.00; 5052.00; 6619.00,   0.26
8483.00; 5548.00; 5052.00; 6619.00,   0.26
8486.00; 5546.00; 5046.00; 6621.00,   0.26
8477.00; 5554.00; 5053.00; 6621.00,   0.26
8477.00; 5554.00; 5053.00; 6621.00,   0.26
8486.00; 5556.00; 5051.00; 6619.00,   0.26
8486.00; 5556.00; 5051.00; 6619.00,   0.26
8479.00; 5550.00; 5050.00; 6624.00,   0.26
8485.00; 5552.00; 5049.00; 6622.00,   0.26
8485.00; 5552.00; 5049.00; 6622.00,   0.26
8481.00; 5554.00; 5046.00; 6621.00,   0.26
8482.00; 5547.00; 5043.00; 6623.00,   0.26
8482.00; 5547.00; 5043.00; 6623.00,   0.26
8481.00; 5551.00; 5049.00; 6621.00,   0.26
8481.00; 5551.00; 5049.00; 6621.00,   0.26
8482.00; 5553.00; 5049.00; 6619.00,   0.26
8480.00; 5552.00; 5055.00; 6620.00,   0.26
8480.00; 5552.00; 5055.00; 6620.00,   0.26
8483.00; 5552.00; 5050.00; 6620.00,   0.26
8483.00; 5552.00; 5050.00; 6620.00,   0.26
8481.00; 5548.00; 5040.00; 6619.00,   0.26
8476.00; 5553.00; 5049.00; 6628.00,   0.26
8476.00; 5553.00; 5049.00; 6628.00,   0.26
8485.00; 5548.00; 5047.00; 6619.00,   0.26
8480.00; 5550.00; 5050.00; 6620.00,   0.26
8480.00; 5550.00; 5050.00; 6620.00,   0.26
8484.00; 5551.00; 5050.00; 6620.00,   0.26
8484.00; 5551.00; 5050.00; 6620.00,   0.26
8482.00; 5550.00; 5052.00; 6620.00,   0.26
8487.00; 5550.00; 5049.00; 6622.00,   0.26
8487.00; 5550.00; 5049.00; 6622.00,   0.26
8482.00; 5546.00; 5048.00; 6623.00,   0.26
8484.00; 5550.00; 5051.00; 6623.00,   0.26
8484.00; 5550.00; 5051.00; 6623.00,   0.26
8485.00; 5548.00; 5053.00; 6619.00,   0.26
8485.00; 5548.00; 5053.00; 6619.00,   0.26
8481.00; 5549.00; 5054.00; 6620.00,   0.26
8482.00; 5551.00; 5046.00; 6627.00,   0.26
8482.00; 5551.00; 5046.00; 6627.00,   0.26
8484.00; 5555.00; 5050.00; 6619.00,   0.26
8487.00; 5552.00; 5055.00; 6620.00,   0.26
8487.00; 5552.00; 5055.00; 6620.00,   0.26
8481.00; 5549.00; 5045.00; 6624.00,   0.26
8481.00; 5549.00; 5045.00; 6624.00,   0.26
8478.00; 5547.00; 5048.00; 6618.00,   0.26
8483.00; 5554.00; 5047.00; 6623.00,   0.26
8483.00; 5554.00; 5047.00; 6623.00,   0.26
8485.00; 5550.00; 5048.00; 6620.00,   0.26
8485.00; 5550.00; 5048.00; 6620.00,   0.26
8482.00; 5551.00; 5047.00; 6627.00,   0.26
8483.00; 5552.00; 5047.00; 6621.00,   0.26
8483.00; 5552.00; 5047.00; 6621.00,   0.26
8479.00; 5554.00; 5048.00; 6619.00,   0.26
8482.00; 5560.00; 5051.00; 6624.00,   0.26
8482.00; 5560.00; 5051.00; 6624.00,   0.26
8484.00; 5551.00; 5052.00; 6623.00,   0.26
8484.00; 5551.00; 5052.00; 6623.00,   0.26
8479.00; 5542.00; 5054.00; 6621.00,   0.26
8482.00; 5548.00; 5048.00; 6626.00,   0.26
8482.00; 5548.00; 5048.00; 6626.00,   0.27
8479.00; 5547.00; 5050.00; 6624.00,   0.27
8485.00; 5547.00; 5046.00; 6625.00,   0.27
8485.00; 5547.00; 5046.00; 6625.00,   0.27
8480.00; 5552.00; 5050.00; 6617.00,   0.27
8478.00; 5552.00; 5046.00; 6626.00,   0.27
8478.00; 5552.00; 5046.00; 6626.00,   0.27
8483.00; 5548.00; 5052.00; 6627.00,   0.27
8483.00; 5548.00; 5052.00; 6627.00,   0.27
8480.00; 5557.00; 5047.00; 6616.00,   0.27
8483.00; 5550.00; 5049.00; 6621.00,   0.27
8483.00; 5550.00; 5049.00; 6621.00,   0.27
8486.00; 5554.00; 5048.00; 6620.00,   0.27
8486.00; 5554.00; 5048.00; 6620.00,   0.27
8479.00; 5549.00; 5049.00; 6618.00,   0.27
8477.00; 5547.00; 5044.00; 6624.00,   0.27
8477.00; 5547.00; 5044.00; 6624.00,   0.27
8477.00; 5550.00; 5048.00; 6621.00,   0.27
8483.00; 5552.00; 5049.00; 6617.00,   0.27
8483.00; 5552.00; 5049.00; 6617.00,   0.27
8479.00; 5549.00; 5055.00; 6628.00,   0.27
8479.00; 5549.00; 5055.00; 6628.00,   0.27
8485.00; 5552.00; 5042.00; 6625.00,   0.27
8477.00; 5548.00; 5046.00; 6623.00,   0.27
8477.00; 5548.00; 5046.00; 6623.00,   0.27
8478.00; 5555.00; 5050.00; 6617.00,   0.27
8479.00; 5555.00; 5046.00; 6621.00,   0.27
8479.00; 5555.00; 5046.00; 6621.00,   0.27
8480.00; 5550.00; 5049.00; 6619.00,   0.27
8480.00; 5550.00; 5049.00; 6619.00,   0.27
8483.00; 5548.00; 5050.00; 6619.00,   0.27
8484.00; 5550.00; 5046.00; 6618.00,   0.27
8484.00; 5550.00; 5046.00; 6618.00,   0.27
8480.00; 5550.00; 5048.00; 6621.00,   0.27
8478.00; 5554.00; 5048.00; 6617.00,   0.27
8478.00; 5554.00; 5048.00; 6617.00,   0.27
8488.00; 5552.00; 5051.00; 6616.00,   0.27
8488.00; 5552.00; 5051.00; 6616.00,   0.27
8480.00; 5549.00; 5053.00; 6624.00,   0.27
8483.00; 5550.00; 5056.00; 6621.00,   0.27
8483.00; 5550.00; 5056.00; 6621.00,   0.27
8487.00; 5545.00; 5049.00; 6627.00,   0.27
8476.00; 5559.00; 5049.00; 6627.00,   0.27
8476.00; 5559.00; 5049.00; 6627.00,   0.27
8481.00; 5549.00; 5051.00; 6619.00,   0.27
8481.00; 5549.00; 5051.00; 6619.00,   0.27
8480.00; 5556.00; 5045.00; 6614.00,   0.27
8477.00; 5546.00; 5050.00; 6621.00,   0.27
8477.00; 5546.00; 5050.00; 6621.00,   0.27
8481.00; 5551.00; 5052.00; 6620.00,   0.27
8481.00; 5551.00; 5052.00; 6620.00,   0.27
8480.00; 5549.00; 5054.00; 6619.00,   0.27
8482.00; 5552.00; 5050.00; 6617.00,   0.27
8482.00; 5552.00; 5050.00; 6617.00,   0.27
8478.00; 5550.00; 5051.00; 6623.00,   0.27
8481.00; 5552.00; 5050.00; 6620.00,   0.27
8481.00; 5552.00; 5050.00; 6620.00,   0.27
8478.00; 5554.00; 5050.00; 6624.00,   0.27
8478.00; 5554.00; 5050.00; 6624.00,   0.27
8477.00; 5551.00; 5050.00; 6629.00,   0.27
8483.00; 5554.00; 5044.00; 6623.00,   0.27
8483.00; 5554.00; 5044.00; 6623.00,   0.27
8481.00; 5557.00; 5045.00; 6624.00,   0.27
8481.00; 5557.00; 5045.00; 6624.00,   0.27
8477.00; 5548.00; 5050.00; 6627.00,   0.27
8472.00; 5550.00; 5054.00; 6621.00,   0.27
8472.00; 5550.00; 5054.00; 6621.00,   0.27
8476.00; 5554.00; 5049.00; 6620.00,   0.27
8481.00; 5551.00; 5053.00; 6614.00,   0.27
8481.00; 5551.00; 5053.00; 6614.00,   0.27
8480.00; 5550.00; 5046.00; 6620.00,   0.27
8480.00; 5550.00; 5046.00; 6620.00,   0.27
8481.00; 5552.00; 5049.00; 6625.00,   0.27
8483.00; 5548.00; 5050.00; 6627.00,   0.27
8483.00; 5548.00; 5050.00; 6627.00,   0.27
8481.00; 5554.00; 5049.00; 6621.00,   0.27
8475.00; 5554.00; 5044.00; 6619.00,   0.27
8475.00; 5554.00; 5044.00; 6619.00,   0.27
8482.00; 5551.00; 5049.00; 6618.00,   0.27
8482.00; 5551.00; 5049.00; 6618.00,   0.28
8488.00; 5550.00; 5052.00; 6618.00,   0.28
8481.00; 5555.00; 5051.00; 6623.00,   0.28
8481.00; 5555.00; 5051.00; 6623.00,   0.28
8475.00; 5547.00; 5050.00; 6624.00,   0.28
8475.00; 5547.00; 5050.00; 6624.00,   0.28
8479.00; 5550.00; 5043.00; 6623.00,   0.28
8478.00; 5557.00; 5042.00; 6623.00,   0.28
8478.00; 5557.00; 5042.00; 6623.00,   0.28
8480.00; 5551.00; 5045.00; 6622.00,   0.28
8486.00; 5552.00; 5044.00; 6624.00,   0.28
8486.00; 5552.00; 5044.00; 6624.00,   0.28
8480.00; 5554.00; 5047.00; 6624.00,   0.28
8480.00; 5554.00; 5047.00; 6624.00,   0.28
8480.00; 5546.00; 5048.00; 6625.00,   0.28
8488.00; 5553.00; 5050.00; 6623.00,   0.28
8488.00; 5553.00; 5050.00; 6623.00,   0.28
8488.00; 5551.00; 5043.00; 6619.00,   0.28
8488.00; 5551.00; 5043.00; 6619.00,   0.28
8481.00; 5546.00; 5047.00; 6620.00,   0.28
8481.00; 5550.00; 5048.00; 6622.00,   0.28
8481.00; 5550.00; 5048.00; 6622.00,   0.28
8478.00; 5552.00; 5042.00; 6623.00,   0.28
8479.00; 5551.00; 5049.00; 6618.00,   0.28
8479.00; 5551.00; 5049.00; 6618.00,   0.28
8474.00; 5550.00; 5044.00; 6625.00,   0.28
8474.00; 5550.00; 5044.00; 6625.00,   0.28
8485.00; 5554.00; 5047.00; 6622.00,   0.28
8484.00; 5552.00; 5050.00; 6619.00,   0.28
8484.00; 5552.00; 5050.00; 6619.00,   0.28
8487.00; 5550.00; 5051.00; 6625.00,   0.28
8479.00; 5549.00; 5049.00; 6625.00,   0.28
8479.00; 5549.00; 5049.00; 6625.00,   0.28
8481.00; 5553.00; 5051.00; 6623.00,   0.28
8481.00; 5553.00; 5051.00; 6623.00,   0.28
8479.00; 5551.00; 5053.00; 6620.00,   0.28
8480.00; 5553.00; 5047.00; 6628.00,   0.28
8480.00; 5553.00; 5047.00; 6628.00,   0.28
8484.00; 5549.00; 5047.00; 6620.00,   0.28
8485.00; 5551.00; 5046.00; 6618.00,   0.28
8485.00; 5551.00; 5046.00; 6618.00,   0.28
8481.00; 5558.00; 5051.00; 6617.00,   0.28
8481.00; 5558.00; 5051.00; 6617.00,   0.28
8482.00; 5555.00; 5048.00; 6621.00,   0.28
8479.00; 5552.00; 5047.00; 6623.00,   0.28
8479.00; 5552.00; 5047.00; 6623.00,   0.28
8483.00; 5547.00; 5052.00; 6625.00,   0.28
8480.00; 5551.00; 5051.00; 6622.00,   0.28
8480.00; 5551.00; 5051.00; 6622.00,   0.28
8477.00; 5553.00; 5048.00; 6619.00,   0.28
8477.00; 5553.00; 5048.00; 6619.00,   0.28
8485.00; 5544.00; 5053.00; 6622.00,   0.28
8481.00; 5547.00; 5047.00; 6624.00,   0.28
8481.00; 5547.00; 5047.00; 6624.00,   0.28
8487.00; 5557.00; 5050.00; 6622.00,   0.28
8481.00; 5551.00; 5047.00; 6623.00,   0.28
8481.00; 5551.00; 5047.00; 6623.00,   0.28
8482.00; 5549.00; 5045.00; 6623.00,   0.28
8482.00; 5549.00; 5045.00; 6623.00,   0.28
8478.00; 5555.00; 5047.00; 6620.00,   0.28
8482.00; 5554.00; 5047.00; 6619.00,   0.28
