TL,TR, BL, BR, TotalWeight, time 
  0.00;   0.37;   0.00;   0.00,   0.37,   0.02
  0.00;   0.38;   0.00;   0.00,   0.38,   0.02
  0.00;   0.38;   0.00;   0.00,   0.38,   0.02
  0.00;   0.38;   0.00;   0.00,   0.38,   0.02
  0.00;   0.40;   0.00;   0.00,   0.40,   0.02
  0.00;   0.31;   0.00;   0.00,   0.31,   0.02
  0.00;   0.31;   0.00;   0.00,   0.31,   0.02
  0.00;   0.40;   0.00;   0.00,   0.40,   0.02
  0.00;   0.40;   0.00;   0.00,   0.40,   0.02
  0.00;   0.31;   0.00;   0.00,   0.31,   0.02
  0.00;   0.36;   0.00;   0.00,   0.36,   0.02
  0.00;   0.36;   0.00;   0.00,   0.36,   0.02
  0.00;   0.39;   0.00;   0.00,   0.39,   0.02
  0.00;   0.36;   0.00;   0.00,   0.36,   0.02
  0.00;   0.36;   0.00;   0.00,   0.36,   0.02
  0.00;   0.44;   0.00;   0.00,   0.44,   0.02
  0.00;   0.44;   0.00;   0.00,   0.44,   0.02
  0.00;   0.37;   0.00;   0.00,   0.37,   0.02
  0.00;   0.42;   0.00;   0.00,   0.42,   0.02
  0.00;   0.42;   0.00;   0.00,   0.42,   0.02
  0.00;   0.38;   0.00;   0.00,   0.38,   0.02
  0.00;   0.39;   0.00;   0.00,   0.39,   0.02
  0.00;   0.39;   0.00;   0.00,   0.39,   0.02
  0.00;   0.38;   0.00;   0.00,   0.38,   0.02
  0.00;   0.33;   0.00;   0.00,   0.33,   0.02
  0.00;   0.33;   0.00;   0.00,   0.33,   0.02
  0.00;   0.35;   0.00;   0.00,   0.35,   0.02
  0.00;   0.35;   0.00;   0.00,   0.35,   0.02
  0.00;   0.35;   0.00;   0.00,   0.35,   0.02
  0.00;   0.35;   0.00;   0.00,   0.35,   0.02
  0.00;   0.35;   0.00;   0.00,   0.35,   0.02
  0.00;   0.35;   0.00;   0.00,   0.35,   0.02
  0.00;   0.35;   0.00;   0.00,   0.35,   0.02
  0.00;   0.34;   0.00;   0.00,   0.34,   0.02
  0.00;   0.31;   0.00;   0.00,   0.31,   0.03
  0.00;   0.31;   0.00;   0.00,   0.31,   0.03
  0.00;   0.34;   0.00;   0.00,   0.34,   0.03
  0.00;   0.36;   0.00;   0.00,   0.36,   0.03
  0.00;   0.36;   0.00;   0.00,   0.36,   0.03
  0.00;   0.38;   0.00;   0.00,   0.38,   0.03
  0.00;   0.38;   0.00;   0.00,   0.38,   0.03
  0.00;   0.36;   0.00;   0.00,   0.36,   0.03
  0.00;   0.39;   0.00;   0.00,   0.39,   0.03
  0.00;   0.39;   0.00;   0.00,   0.39,   0.03
  0.00;   0.35;   0.00;   0.00,   0.35,   0.03
  0.00;   0.37;   0.00;   0.00,   0.37,   0.03
  0.00;   0.37;   0.00;   0.00,   0.37,   0.03
  0.00;   0.36;   0.00;   0.00,   0.36,   0.03
  0.00;   0.32;   0.00;   0.00,   0.32,   0.03
  0.00;   0.32;   0.00;   0.00,   0.32,   0.03
  0.00;   0.37;   0.00;   0.00,   0.37,   0.03
  0.00;   0.37;   0.00;   0.00,   0.37,   0.03
  0.00;   0.38;   0.00;   0.00,   0.38,   0.03
  0.00;   0.32;   0.00;   0.00,   0.32,   0.03
  0.00;   0.32;   0.00;   0.00,   0.32,   0.03
  0.00;   0.36;   0.00;   0.00,   0.36,   0.03
  0.00;   0.35;   0.00;   0.00,   0.35,   0.03
  0.00;   0.35;   0.00;   0.00,   0.35,   0.03
  0.00;   0.40;   0.00;   0.00,   0.40,   0.03
  0.00;   0.38;   0.00;   0.00,   0.38,   0.03
  0.00;   0.38;   0.00;   0.00,   0.38,   0.03
  0.00;   0.41;   0.00;   0.00,   0.41,   0.03
  0.00;   0.41;   0.00;   0.00,   0.41,   0.03
  0.00;   0.35;   0.00;   0.00,   0.35,   0.03
  0.00;   0.39;   0.00;   0.00,   0.39,   0.03
  0.00;   0.39;   0.00;   0.00,   0.39,   0.03
  0.00;   0.42;   0.00;   0.00,   0.42,   0.03
  0.00;   0.38;   0.00;   0.00,   0.38,   0.03
  0.00;   0.38;   0.00;   0.00,   0.38,   0.03
  0.00;   0.31;   0.00;   0.00,   0.31,   0.03
  0.00;   0.31;   0.00;   0.00,   0.31,   0.03
  0.00;   0.37;   0.00;   0.00,   0.37,   0.03
  0.00;   0.37;   0.00;   0.00,   0.37,   0.03
  0.00;   0.37;   0.00;   0.00,   0.37,   0.03
  0.00;   0.36;   0.00;   0.00,   0.36,   0.03
  0.00;   0.33;   0.00;   0.00,   0.33,   0.03
  0.00;   0.33;   0.00;   0.00,   0.33,   0.03
  0.00;   0.38;   0.00;   0.00,   0.38,   0.03
  0.00;   0.38;   0.00;   0.00,   0.38,   0.03
  0.00;   0.37;   0.00;   0.00,   0.37,   0.03
  0.00;   0.29;   0.00;   0.00,   0.29,   0.03
  0.00;   0.29;   0.00;   0.00,   0.29,   0.03
  0.00;   0.36;   0.00;   0.00,   0.36,   0.03
  0.00;   0.34;   0.00;   0.00,   0.34,   0.03
  0.00;   0.34;   0.00;   0.00,   0.34,   0.03
  0.00;   0.35;   0.00;   0.00,   0.35,   0.03
  0.00;   0.35;   0.00;   0.00,   0.35,   0.03
  0.00;   0.33;   0.00;   0.00,   0.33,   0.03
  0.00;   0.36;   0.00;   0.00,   0.36,   0.03
  0.00;   0.36;   0.00;   0.00,   0.36,   0.03
  0.00;   0.37;   0.00;   0.00,   0.37,   0.03
  0.00;   0.38;   0.00;   0.00,   0.38,   0.03
  0.00;   0.38;   0.00;   0.00,   0.38,   0.03
  0.00;   0.42;   0.00;   0.00,   0.42,   0.03
  0.00;   0.42;   0.00;   0.00,   0.42,   0.03
  0.00;   0.39;   0.00;   0.00,   0.39,   0.03
  0.00;   0.34;   0.00;   0.00,   0.34,   0.03
  0.00;   0.34;   0.00;   0.00,   0.34,   0.03
  0.00;   0.40;   0.00;   0.00,   0.40,   0.03
  0.00;   0.40;   0.00;   0.00,   0.40,   0.03
  0.00;   0.40;   0.00;   0.00,   0.40,   0.03
  0.00;   0.37;   0.00;   0.00,   0.37,   0.03
  0.00;   0.37;   0.00;   0.00,   0.37,   0.03
  0.00;   0.35;   0.00;   0.00,   0.35,   0.03
  0.00;   0.27;   0.00;   0.00,   0.27,   0.03
  0.00;   0.27;   0.00;   0.00,   0.27,   0.03
  0.00;   0.26;   0.00;   0.00,   0.26,   0.03
  0.00;   0.35;   0.00;   0.00,   0.35,   0.03
  0.00;   0.35;   0.00;   0.00,   0.35,   0.03
  0.00;   0.35;   0.00;   0.00,   0.35,   0.03
  0.00;   0.35;   0.00;   0.00,   0.35,   0.03
  0.00;   0.32;   0.00;   0.00,   0.32,   0.03
  0.00;   0.36;   0.00;   0.00,   0.36,   0.03
  0.00;   0.36;   0.00;   0.00,   0.36,   0.03
  0.00;   0.39;   0.00;   0.00,   0.39,   0.03
  0.00;   0.41;   0.00;   0.00,   0.41,   0.03
  0.00;   0.41;   0.00;   0.00,   0.41,   0.03
  0.00;   0.36;   0.00;   0.00,   0.36,   0.04
  0.00;   0.36;   0.00;   0.00,   0.36,   0.04
  0.00;   0.36;   0.00;   0.00,   0.36,   0.04
  0.00;   0.33;   0.00;   0.00,   0.33,   0.04
  0.00;   0.33;   0.00;   0.00,   0.33,   0.04
  0.00;   0.36;   0.00;   0.00,   0.36,   0.04
  0.00;   0.35;   0.00;   0.00,   0.35,   0.04
  0.00;   0.35;   0.00;   0.00,   0.35,   0.04
  0.00;   0.37;   0.00;   0.00,   0.37,   0.04
  0.00;   0.37;   0.00;   0.00,   0.37,   0.04
  0.00;   0.39;   0.00;   0.00,   0.39,   0.04
  0.00;   0.38;   0.00;   0.00,   0.38,   0.04
  0.00;   0.38;   0.00;   0.00,   0.38,   0.04
  0.00;   0.32;   0.00;   0.00,   0.32,   0.04
  0.00;   0.35;   0.00;   0.00,   0.35,   0.04
  0.00;   0.35;   0.00;   0.00,   0.35,   0.04
  0.00;   0.38;   0.00;   0.00,   0.38,   0.04
  0.00;   0.38;   0.00;   0.00,   0.38,   0.04
  0.00;   0.40;   0.00;   0.00,   0.40,   0.04
  0.00;   0.37;   0.00;   0.00,   0.37,   0.04
  0.00;   0.37;   0.00;   0.00,   0.37,   0.04
  0.00;   0.34;   0.00;   0.00,   0.34,   0.04
  0.00;   0.38;   0.00;   0.00,   0.38,   0.04
  0.00;   0.38;   0.00;   0.00,   0.38,   0.04
  0.00;   0.42;   0.00;   0.00,   0.42,   0.04
  0.00;   0.42;   0.00;   0.00,   0.42,   0.04
  0.00;   0.42;   0.00;   0.00,   0.42,   0.04
  0.00;   0.34;   0.00;   0.00,   0.34,   0.04
  0.00;   0.34;   0.00;   0.00,   0.34,   0.04
  0.00;   0.36;   0.00;   0.00,   0.36,   0.04
  0.00;   0.34;   0.00;   0.00,   0.34,   0.04
  0.00;   0.34;   0.00;   0.00,   0.34,   0.04
  0.00;   0.36;   0.00;   0.00,   0.36,   0.04
  0.00;   0.36;   0.00;   0.00,   0.36,   0.04
  0.00;   0.38;   0.00;   0.00,   0.38,   0.04
  0.00;   0.32;   0.00;   0.00,   0.32,   0.04
  0.00;   0.32;   0.00;   0.00,   0.32,   0.04
  0.00;   0.35;   0.00;   0.00,   0.35,   0.04
  0.00;   0.43;   0.00;   0.00,   0.43,   0.04
  0.00;   0.43;   0.00;   0.00,   0.43,   0.04
  0.00;   0.40;   0.00;   0.00,   0.40,   0.04
  0.00;   0.40;   0.00;   0.00,   0.40,   0.04
  0.00;   0.40;   0.00;   0.00,   0.40,   0.04
  0.00;   0.40;   0.00;   0.00,   0.40,   0.04
  0.00;   0.40;   0.00;   0.00,   0.40,   0.04
  0.00;   0.36;   0.00;   0.00,   0.36,   0.04
  0.00;   0.33;   0.00;   0.00,   0.33,   0.04
  0.00;   0.33;   0.00;   0.00,   0.33,   0.04
  0.00;   0.39;   0.00;   0.00,   0.39,   0.04
  0.00;   0.39;   0.00;   0.00,   0.39,   0.04
  0.00;   0.38;   0.00;   0.00,   0.38,   0.04
  0.00;   0.39;   0.00;   0.00,   0.39,   0.04
  0.00;   0.39;   0.00;   0.00,   0.39,   0.04
  0.00;   0.37;   0.00;   0.00,   0.37,   0.04
  0.00;   0.37;   0.00;   0.00,   0.37,   0.04
  0.00;   0.39;   0.00;   0.00,   0.39,   0.04
  0.00;   0.28;   0.00;   0.00,   0.28,   0.04
  0.00;   0.28;   0.00;   0.00,   0.28,   0.04
  0.00;   0.34;   0.00;   0.00,   0.34,   0.04
  0.00;   0.38;   0.00;   0.00,   0.38,   0.04
  0.00;   0.38;   0.00;   0.00,   0.38,   0.04
  0.00;   0.36;   0.00;   0.00,   0.36,   0.04
  0.00;   0.36;   0.00;   0.00,   0.36,   0.04
  0.00;   0.36;   0.00;   0.00,   0.36,   0.04
  0.00;   0.33;   0.00;   0.00,   0.33,   0.04
  0.00;   0.33;   0.00;   0.00,   0.33,   0.04
  0.00;   0.32;   0.00;   0.00,   0.32,   0.04
  0.00;   0.42;   0.00;   0.00,   0.42,   0.04
  0.00;   0.42;   0.00;   0.00,   0.42,   0.04
  0.00;   0.37;   0.00;   0.00,   0.37,   0.04
  0.00;   0.37;   0.00;   0.00,   0.37,   0.04
  0.00;   0.32;   0.00;   0.00,   0.32,   0.04
  0.00;   0.30;   0.00;   0.00,   0.30,   0.05
  0.00;   0.30;   0.00;   0.00,   0.30,   0.05
  0.00;   0.39;   0.00;   0.00,   0.39,   0.05
  0.00;   0.39;   0.00;   0.00,   0.39,   0.05
  0.00;   0.36;   0.00;   0.00,   0.36,   0.05
  0.00;   0.35;   0.00;   0.00,   0.35,   0.05
  0.00;   0.35;   0.00;   0.00,   0.35,   0.05
  0.00;   0.35;   0.00;   0.00,   0.35,   0.05
  0.00;   0.34;   0.00;   0.00,   0.34,   0.05
  0.00;   0.34;   0.00;   0.00,   0.34,   0.05
  0.00;   0.39;   0.00;   0.00,   0.39,   0.05
  0.00;   0.39;   0.00;   0.00,   0.39,   0.05
  0.00;   0.33;   0.00;   0.00,   0.33,   0.05
  0.00;   0.36;   0.00;   0.00,   0.36,   0.05
  0.00;   0.36;   0.00;   0.00,   0.36,   0.05
  0.00;   0.35;   0.00;   0.00,   0.35,   0.05
  0.00;   0.35;   0.00;   0.00,   0.35,   0.05
  0.00;   0.32;   0.00;   0.00,   0.32,   0.05
  0.00;   0.41;   0.00;   0.00,   0.41,   0.05
  0.00;   0.41;   0.00;   0.00,   0.41,   0.05
  0.00;   0.40;   0.00;   0.00,   0.40,   0.05
  0.00;   0.45;   0.00;   0.00,   0.45,   0.05
  0.00;   0.45;   0.00;   0.00,   0.45,   0.05
  0.00;   0.36;   0.00;   0.00,   0.36,   0.05
  0.00;   0.36;   0.00;   0.00,   0.36,   0.05
  0.00;   0.39;   0.00;   0.00,   0.39,   0.05
  0.00;   0.38;   0.00;   0.00,   0.38,   0.05
  0.00;   0.38;   0.00;   0.00,   0.38,   0.05
  0.00;   0.44;   0.00;   0.00,   0.44,   0.05
  0.00;   0.36;   0.00;   0.00,   0.36,   0.05
  0.00;   0.36;   0.00;   0.00,   0.36,   0.05
  0.00;   0.36;   0.00;   0.00,   0.36,   0.05
  0.00;   0.36;   0.00;   0.00,   0.36,   0.05
  0.00;   0.41;   0.00;   0.00,   0.41,   0.05
  0.00;   0.36;   0.00;   0.00,   0.36,   0.05
  0.00;   0.36;   0.00;   0.00,   0.36,   0.05
  0.00;   0.35;   0.00;   0.00,   0.35,   0.05
  0.00;   0.35;   0.00;   0.00,   0.35,   0.05
  0.00;   0.39;   0.00;   0.00,   0.39,   0.05
  0.00;   0.35;   0.00;   0.00,   0.35,   0.05
  0.00;   0.35;   0.00;   0.00,   0.35,   0.05
  0.00;   0.35;   0.00;   0.00,   0.35,   0.05
  0.00;   0.32;   0.00;   0.00,   0.32,   0.05
  0.00;   0.32;   0.00;   0.00,   0.32,   0.05
  0.00;   0.40;   0.00;   0.00,   0.40,   0.05
  0.00;   0.40;   0.00;   0.00,   0.40,   0.05
  0.00;   0.34;   0.00;   0.00,   0.34,   0.05
  0.00;   0.35;   0.00;   0.00,   0.35,   0.05
  0.00;   0.35;   0.00;   0.00,   0.35,   0.05
  0.00;   0.37;   0.00;   0.00,   0.37,   0.05
  0.00;   0.37;   0.00;   0.00,   0.37,   0.05
  0.00;   0.38;   0.00;   0.00,   0.38,   0.05
  0.00;   0.31;   0.00;   0.00,   0.31,   0.05
  0.00;   0.31;   0.00;   0.00,   0.31,   0.05
  0.00;   0.36;   0.00;   0.00,   0.36,   0.05
  0.00;   0.40;   0.00;   0.00,   0.40,   0.05
  0.00;   0.40;   0.00;   0.00,   0.40,   0.05
  0.00;   0.39;   0.00;   0.00,   0.39,   0.05
  0.00;   0.39;   0.00;   0.00,   0.39,   0.05
  0.00;   0.32;   0.00;   0.00,   0.32,   0.05
  0.00;   0.35;   0.00;   0.00,   0.35,   0.05
  0.00;   0.35;   0.00;   0.00,   0.35,   0.05
  0.00;   0.37;   0.00;   0.00,   0.37,   0.05
  0.00;   0.39;   0.00;   0.00,   0.39,   0.05
  0.00;   0.39;   0.00;   0.00,   0.39,   0.05
  0.00;   0.37;   0.00;   0.00,   0.37,   0.05
  0.00;   0.37;   0.00;   0.00,   0.37,   0.05
  0.00;   0.40;   0.00;   0.00,   0.40,   0.05
  0.00;   0.35;   0.00;   0.00,   0.35,   0.05
  0.00;   0.35;   0.00;   0.00,   0.35,   0.05
  0.00;   0.40;   0.00;   0.00,   0.40,   0.05
  0.00;   0.35;   0.00;   0.00,   0.35,   0.05
  0.00;   0.35;   0.00;   0.00,   0.35,   0.05
  0.00;   0.34;   0.00;   0.00,   0.34,   0.06
  0.00;   0.34;   0.00;   0.00,   0.34,   0.06
  0.00;   0.42;   0.00;   0.00,   0.42,   0.06
  0.00;   0.38;   0.00;   0.00,   0.38,   0.06
  0.00;   0.38;   0.00;   0.00,   0.38,   0.06
  0.00;   0.35;   0.00;   0.00,   0.35,   0.06
  0.00;   0.37;   0.00;   0.00,   0.37,   0.06
  0.00;   0.37;   0.00;   0.00,   0.37,   0.06
  0.00;   0.41;   0.00;   0.00,   0.41,   0.06
  0.00;   0.42;   0.00;   0.00,   0.42,   0.06
  0.00;   0.39;   0.00;   0.00,   0.39,   0.06
  0.00;   0.39;   0.00;   0.00,   0.39,   0.06
  0.00;   0.34;   0.00;   0.00,   0.34,   0.06
  0.00;   0.38;   0.00;   0.00,   0.38,   0.06
  0.00;   0.38;   0.00;   0.00,   0.38,   0.06
  0.00;   0.40;   0.00;   0.00,   0.40,   0.06
  0.00;   0.40;   0.00;   0.00,   0.40,   0.06
  0.00;   0.39;   0.00;   0.00,   0.39,   0.06
  0.00;   0.37;   0.00;   0.00,   0.37,   0.06
  0.00;   0.37;   0.00;   0.00,   0.37,   0.06
  0.00;   0.37;   0.00;   0.00,   0.37,   0.06
  0.00;   0.37;   0.00;   0.00,   0.37,   0.06
  0.00;   0.42;   0.00;   0.00,   0.42,   0.06
  0.00;   0.40;   0.00;   0.00,   0.40,   0.06
  0.00;   0.40;   0.00;   0.00,   0.40,   0.06
  0.00;   0.40;   0.00;   0.00,   0.40,   0.06
  0.00;   0.33;   0.00;   0.00,   0.33,   0.06
  0.00;   0.33;   0.00;   0.00,   0.33,   0.06
  0.00;   0.33;   0.00;   0.00,   0.33,   0.06
  0.00;   0.33;   0.00;   0.00,   0.33,   0.06
  0.00;   0.39;   0.00;   0.00,   0.39,   0.06
  0.00;   0.36;   0.00;   0.00,   0.36,   0.06
  0.00;   0.36;   0.00;   0.00,   0.36,   0.06
  0.00;   0.41;   0.00;   0.00,   0.41,   0.06
  0.00;   0.41;   0.00;   0.00,   0.41,   0.06
  0.00;   0.35;   0.00;   0.00,   0.35,   0.06
  0.00;   0.35;   0.00;   0.00,   0.35,   0.06
  0.00;   0.35;   0.00;   0.00,   0.35,   0.06
  0.00;   0.32;   0.00;   0.00,   0.32,   0.06
  0.00;   0.35;   0.00;   0.00,   0.35,   0.06
  0.00;   0.35;   0.00;   0.00,   0.35,   0.06
  0.00;   0.40;   0.00;   0.00,   0.40,   0.06
  0.00;   0.40;   0.00;   0.00,   0.40,   0.06
  0.00;   0.34;   0.00;   0.00,   0.34,   0.06
  0.00;   0.33;   0.00;   0.00,   0.33,   0.06
  0.00;   0.33;   0.00;   0.00,   0.33,   0.06
  0.00;   0.36;   0.00;   0.00,   0.36,   0.06
  0.00;   0.35;   0.00;   0.00,   0.35,   0.06
  0.00;   0.35;   0.00;   0.00,   0.35,   0.06
  0.00;   0.35;   0.00;   0.00,   0.35,   0.06
  0.00;   0.35;   0.00;   0.00,   0.35,   0.06
  0.00;   0.41;   0.00;   0.00,   0.41,   0.06
  0.00;   0.33;   0.00;   0.00,   0.33,   0.06
  0.00;   0.33;   0.00;   0.00,   0.33,   0.06
  0.00;   0.39;   0.00;   0.00,   0.39,   0.06
  0.00;   0.39;   0.00;   0.00,   0.39,   0.06
  0.00;   0.37;   0.00;   0.00,   0.37,   0.06
  0.00;   0.39;   0.00;   0.00,   0.39,   0.06
  0.00;   0.39;   0.00;   0.00,   0.39,   0.06
  0.00;   0.39;   0.00;   0.00,   0.39,   0.06
  0.00;   0.35;   0.00;   0.00,   0.35,   0.06
  0.00;   0.35;   0.00;   0.00,   0.35,   0.06
  0.00;   0.35;   0.00;   0.00,   0.35,   0.06
  0.00;   0.35;   0.00;   0.00,   0.35,   0.06
  0.00;   0.37;   0.00;   0.00,   0.37,   0.06
  0.00;   0.41;   0.00;   0.00,   0.41,   0.06
  0.00;   0.41;   0.00;   0.00,   0.41,   0.06
  0.00;   0.35;   0.00;   0.00,   0.35,   0.06
  0.00;   0.35;   0.00;   0.00,   0.35,   0.06
  0.00;   0.38;   0.00;   0.00,   0.38,   0.06
  0.00;   0.33;   0.00;   0.00,   0.33,   0.06
  0.00;   0.33;   0.00;   0.00,   0.33,   0.06
  0.00;   0.36;   0.00;   0.00,   0.36,   0.06
  0.00;   0.37;   0.00;   0.00,   0.37,   0.06
  0.00;   0.37;   0.00;   0.00,   0.37,   0.06
  0.00;   0.37;   0.00;   0.00,   0.37,   0.06
  0.00;   0.37;   0.00;   0.00,   0.37,   0.06
  0.00;   0.36;   0.00;   0.00,   0.36,   0.06
  0.00;   0.35;   0.00;   0.00,   0.35,   0.06
  0.00;   0.35;   0.00;   0.00,   0.35,   0.06
  0.00;   0.38;   0.00;   0.00,   0.38,   0.06
  0.00;   0.37;   0.00;   0.00,   0.37,   0.06
  0.00;   0.37;   0.00;   0.00,   0.37,   0.07
  0.00;   0.39;   0.00;   0.00,   0.39,   0.07
  0.00;   0.39;   0.00;   0.00,   0.39,   0.07
  0.00;   0.41;   0.00;   0.00,   0.41,   0.07
  0.00;   0.35;   0.00;   0.00,   0.35,   0.07
  0.00;   0.35;   0.00;   0.00,   0.35,   0.07
  0.00;   0.33;   0.00;   0.00,   0.33,   0.07
  0.00;   0.33;   0.00;   0.00,   0.33,   0.07
  0.00;   0.30;   0.00;   0.00,   0.30,   0.07
  0.00;   0.36;   0.00;   0.00,   0.36,   0.07
  0.00;   0.36;   0.00;   0.00,   0.36,   0.07
  0.00;   0.37;   0.00;   0.00,   0.37,   0.07
  0.00;   0.38;   0.00;   0.00,   0.38,   0.07
  0.00;   0.38;   0.00;   0.00,   0.38,   0.07
  0.00;   0.28;   0.00;   0.00,   0.28,   0.07
  0.00;   0.28;   0.00;   0.00,   0.28,   0.07
  0.00;   0.34;   0.00;   0.00,   0.34,   0.07
  0.00;   0.35;   0.00;   0.00,   0.35,   0.07
  0.00;   0.35;   0.00;   0.00,   0.35,   0.07
  0.00;   0.36;   0.00;   0.00,   0.36,   0.07
  0.00;   0.33;   0.00;   0.00,   0.33,   0.07
  0.00;   0.33;   0.00;   0.00,   0.33,   0.07
  0.00;   0.35;   0.00;   0.00,   0.35,   0.07
  0.00;   0.39;   0.00;   0.00,   0.39,   0.07
  0.00;   0.39;   0.00;   0.00,   0.39,   0.07
  0.00;   0.40;   0.00;   0.00,   0.40,   0.07
  0.00;   0.40;   0.00;   0.00,   0.40,   0.07
  0.00;   0.39;   0.00;   0.00,   0.39,   0.07
  0.00;   0.37;   0.00;   0.00,   0.37,   0.07
  0.00;   0.37;   0.00;   0.00,   0.37,   0.07
  0.00;   0.36;   0.00;   0.00,   0.36,   0.07
  0.00;   0.36;   0.00;   0.00,   0.36,   0.07
  0.00;   0.32;   0.00;   0.00,   0.32,   0.07
  0.00;   0.32;   0.00;   0.00,   0.32,   0.07
  0.00;   0.32;   0.00;   0.00,   0.32,   0.07
  0.00;   0.39;   0.00;   0.00,   0.39,   0.07
  0.00;   0.37;   0.00;   0.00,   0.37,   0.07
  0.00;   0.37;   0.00;   0.00,   0.37,   0.07
  0.00;   0.36;   0.00;   0.00,   0.36,   0.07
  0.00;   0.36;   0.00;   0.00,   0.36,   0.07
  0.00;   0.39;   0.00;   0.00,   0.39,   0.07
  0.00;   0.34;   0.00;   0.00,   0.34,   0.07
  0.00;   0.34;   0.00;   0.00,   0.34,   0.07
  0.00;   0.39;   0.00;   0.00,   0.39,   0.07
  0.00;   0.39;   0.00;   0.00,   0.39,   0.07
  0.00;   0.42;   0.00;   0.00,   0.42,   0.07
  0.00;   0.38;   0.00;   0.00,   0.38,   0.07
  0.00;   0.38;   0.00;   0.00,   0.38,   0.07
  0.00;   0.35;   0.00;   0.00,   0.35,   0.07
  0.00;   0.37;   0.00;   0.00,   0.37,   0.07
  0.00;   0.37;   0.00;   0.00,   0.37,   0.07
  0.00;   0.37;   0.00;   0.00,   0.37,   0.07
  0.00;   0.37;   0.00;   0.00,   0.37,   0.07
  0.00;   0.41;   0.00;   0.00,   0.41,   0.07
  0.00;   0.39;   0.00;   0.00,   0.39,   0.07
  0.00;   0.39;   0.00;   0.00,   0.39,   0.07
  0.00;   0.33;   0.00;   0.00,   0.33,   0.07
  0.00;   0.41;   0.00;   0.00,   0.41,   0.07
  0.00;   0.41;   0.00;   0.00,   0.41,   0.07
  0.00;   0.40;   0.00;   0.00,   0.40,   0.07
  0.00;   0.40;   0.00;   0.00,   0.40,   0.07
  0.00;   0.33;   0.00;   0.00,   0.33,   0.07
  0.00;   0.36;   0.00;   0.00,   0.36,   0.07
  0.00;   0.36;   0.00;   0.00,   0.36,   0.07
  0.00;   0.35;   0.00;   0.00,   0.35,   0.07
  0.00;   0.37;   0.00;   0.00,   0.37,   0.07
  0.00;   0.37;   0.00;   0.00,   0.37,   0.07
  0.00;   0.41;   0.00;   0.00,   0.41,   0.07
  0.00;   0.41;   0.00;   0.00,   0.41,   0.07
  0.00;   0.40;   0.00;   0.00,   0.40,   0.07
  0.00;   0.35;   0.00;   0.00,   0.35,   0.07
  0.00;   0.35;   0.00;   0.00,   0.35,   0.07
  0.00;   0.36;   0.00;   0.00,   0.36,   0.07
  0.00;   0.36;   0.00;   0.00,   0.36,   0.07
  0.00;   0.30;   0.00;   0.00,   0.30,   0.07
  0.00;   0.32;   0.00;   0.00,   0.32,   0.07
  0.00;   0.32;   0.00;   0.00,   0.32,   0.07
  0.00;   0.41;   0.00;   0.00,   0.41,   0.07
  0.00;   0.36;   0.00;   0.00,   0.36,   0.08
  0.00;   0.36;   0.00;   0.00,   0.36,   0.08
  0.00;   0.34;   0.00;   0.00,   0.34,   0.08
  0.00;   0.34;   0.00;   0.00,   0.34,   0.08
  0.00;   0.38;   0.00;   0.00,   0.38,   0.08
  0.00;   0.37;   0.00;   0.00,   0.37,   0.08
  0.00;   0.37;   0.00;   0.00,   0.37,   0.08
  0.00;   0.32;   0.00;   0.00,   0.32,   0.08
  0.00;   0.36;   0.00;   0.00,   0.36,   0.08
  0.00;   0.36;   0.00;   0.00,   0.36,   0.08
  0.00;   0.31;   0.00;   0.00,   0.31,   0.08
  0.00;   0.31;   0.00;   0.00,   0.31,   0.08
  0.00;   0.35;   0.00;   0.00,   0.35,   0.08
  0.00;   0.38;   0.00;   0.00,   0.38,   0.08
  0.00;   0.38;   0.00;   0.00,   0.38,   0.08
  0.00;   0.35;   0.00;   0.00,   0.35,   0.08
  0.00;   0.35;   0.00;   0.00,   0.35,   0.08
  0.00;   0.40;   0.00;   0.00,   0.40,   0.08
  0.00;   0.36;   0.00;   0.00,   0.36,   0.08
  0.00;   0.36;   0.00;   0.00,   0.36,   0.08
  0.00;   0.34;   0.00;   0.00,   0.34,   0.08
  0.00;   0.35;   0.00;   0.00,   0.35,   0.08
  0.00;   0.35;   0.00;   0.00,   0.35,   0.08
  0.00;   0.38;   0.00;   0.00,   0.38,   0.08
  0.00;   0.38;   0.00;   0.00,   0.38,   0.08
  0.00;   0.39;   0.00;   0.00,   0.39,   0.08
  0.00;   0.34;   0.00;   0.00,   0.34,   0.08
  0.00;   0.34;   0.00;   0.00,   0.34,   0.08
  0.00;   0.33;   0.00;   0.00,   0.33,   0.08
  0.00;   0.33;   0.00;   0.00,   0.33,   0.08
  0.00;   0.36;   0.00;   0.00,   0.36,   0.08
  0.00;   0.37;   0.00;   0.00,   0.37,   0.08
  0.00;   0.37;   0.00;   0.00,   0.37,   0.08
  0.00;   0.36;   0.00;   0.00,   0.36,   0.08
  0.00;   0.41;   0.00;   0.00,   0.41,   0.08
  0.00;   0.41;   0.00;   0.00,   0.41,   0.08
  0.00;   0.39;   0.00;   0.00,   0.39,   0.08
  0.00;   0.34;   0.00;   0.00,   0.34,   0.08
  0.00;   0.34;   0.00;   0.00,   0.34,   0.08
  0.00;   0.41;   0.00;   0.00,   0.41,   0.08
  0.00;   0.41;   0.00;   0.00,   0.41,   0.08
  0.00;   0.38;   0.00;   0.00,   0.38,   0.08
  0.00;   0.36;   0.00;   0.00,   0.36,   0.08
  0.00;   0.36;   0.00;   0.00,   0.36,   0.08
  0.00;   0.36;   0.00;   0.00,   0.36,   0.08
  0.00;   0.36;   0.00;   0.00,   0.36,   0.08
  0.00;   0.34;   0.00;   0.00,   0.34,   0.08
  0.00;   0.35;   0.00;   0.00,   0.35,   0.08
  0.00;   0.35;   0.00;   0.00,   0.35,   0.08
  0.00;   0.37;   0.00;   0.00,   0.37,   0.08
  0.00;   0.39;   0.00;   0.00,   0.39,   0.08
  0.00;   0.39;   0.00;   0.00,   0.39,   0.08
  0.00;   0.32;   0.00;   0.00,   0.32,   0.08
  0.00;   0.32;   0.00;   0.00,   0.32,   0.08
  0.00;   0.44;   0.00;   0.00,   0.44,   0.08
  0.00;   0.43;   0.00;   0.00,   0.43,   0.08
  0.00;   0.43;   0.00;   0.00,   0.43,   0.08
  0.00;   0.36;   0.00;   0.00,   0.36,   0.08
  0.00;   0.36;   0.00;   0.00,   0.36,   0.08
  0.00;   0.41;   0.00;   0.00,   0.41,   0.08
  0.00;   0.35;   0.00;   0.00,   0.35,   0.08
  0.00;   0.35;   0.00;   0.00,   0.35,   0.08
  0.00;   0.34;   0.00;   0.00,   0.34,   0.08
  0.00;   0.39;   0.00;   0.00,   0.39,   0.08
  0.00;   0.39;   0.00;   0.00,   0.39,   0.08
  0.00;   0.36;   0.00;   0.00,   0.36,   0.08
  0.00;   0.36;   0.00;   0.00,   0.36,   0.08
  0.00;   0.39;   0.00;   0.00,   0.39,   0.08
  0.00;   0.43;   0.00;   0.00,   0.43,   0.08
  0.00;   0.43;   0.00;   0.00,   0.43,   0.08
  0.00;   0.41;   0.00;   0.00,   0.41,   0.08
  0.00;   0.40;   0.00;   0.00,   0.40,   0.08
  0.00;   0.40;   0.00;   0.00,   0.40,   0.08
  0.00;   0.46;   0.00;   0.00,   0.46,   0.08
  0.00;   0.46;   0.00;   0.00,   0.46,   0.08
  0.00;   0.30;   0.00;   0.00,   0.30,   0.08
  0.00;   0.34;   0.00;   0.00,   0.34,   0.08
  0.00;   0.34;   0.00;   0.00,   0.34,   0.08
  0.00;   0.39;   0.00;   0.00,   0.39,   0.08
  0.00;   0.39;   0.00;   0.00,   0.39,   0.08
  0.00;   0.34;   0.00;   0.00,   0.34,   0.08
  0.00;   0.41;   0.00;   0.00,   0.41,   0.08
  0.00;   0.41;   0.00;   0.00,   0.41,   0.08
  0.00;   0.38;   0.00;   0.00,   0.38,   0.08
  0.00;   0.39;   0.00;   0.00,   0.39,   0.09
  0.00;   0.39;   0.00;   0.00,   0.39,   0.09
  0.00;   0.35;   0.00;   0.00,   0.35,   0.09
  0.00;   0.35;   0.00;   0.00,   0.35,   0.09
  0.00;   0.38;   0.00;   0.00,   0.38,   0.09
  0.00;   0.36;   0.00;   0.00,   0.36,   0.09
  0.00;   0.36;   0.00;   0.00,   0.36,   0.09
  0.00;   0.40;   0.00;   0.00,   0.40,   0.09
  0.00;   0.40;   0.00;   0.00,   0.40,   0.09
  0.00;   0.40;   0.00;   0.00,   0.40,   0.09
  0.00;   0.36;   0.00;   0.00,   0.36,   0.09
  0.00;   0.36;   0.00;   0.00,   0.36,   0.09
  0.00;   0.36;   0.00;   0.00,   0.36,   0.09
  0.00;   0.31;   0.00;   0.00,   0.31,   0.09
  0.00;   0.31;   0.00;   0.00,   0.31,   0.09
  0.00;   0.38;   0.00;   0.00,   0.38,   0.09
  0.00;   0.38;   0.00;   0.00,   0.38,   0.09
  0.00;   0.36;   0.00;   0.00,   0.36,   0.09
  0.00;   0.36;   0.00;   0.00,   0.36,   0.09
  0.00;   0.36;   0.00;   0.00,   0.36,   0.09
  0.00;   0.30;   0.00;   0.00,   0.30,   0.09
  0.00;   0.31;   0.00;   0.00,   0.31,   0.09
  0.00;   0.31;   0.00;   0.00,   0.31,   0.09
  0.00;   0.39;   0.00;   0.00,   0.39,   0.09
  0.00;   0.39;   0.00;   0.00,   0.39,   0.09
  0.00;   0.37;   0.00;   0.00,   0.37,   0.09
  0.00;   0.38;   0.00;   0.00,   0.38,   0.09
  0.00;   0.38;   0.00;   0.00,   0.38,   0.09
  0.00;   0.42;   0.00;   0.00,   0.42,   0.09
  0.00;   0.42;   0.00;   0.00,   0.42,   0.09
  0.00;   0.37;   0.00;   0.00,   0.37,   0.09
  0.00;   0.38;   0.00;   0.00,   0.38,   0.09
  0.00;   0.38;   0.00;   0.00,   0.38,   0.09
  0.00;   0.42;   0.00;   0.00,   0.42,   0.09
  0.00;   0.35;   0.00;   0.00,   0.35,   0.09
  0.00;   0.35;   0.00;   0.00,   0.35,   0.09
  0.00;   0.38;   0.00;   0.00,   0.38,   0.09
  0.00;   0.38;   0.00;   0.00,   0.38,   0.09
  0.00;   0.36;   0.00;   0.00,   0.36,   0.09
  0.00;   0.36;   0.00;   0.00,   0.36,   0.09
  0.00;   0.36;   0.00;   0.00,   0.36,   0.09
  0.00;   0.37;   0.00;   0.00,   0.37,   0.09
  0.00;   0.40;   0.00;   0.00,   0.40,   0.09
  0.00;   0.40;   0.00;   0.00,   0.40,   0.09
  0.00;   0.37;   0.00;   0.00,   0.37,   0.09
  0.00;   0.37;   0.00;   0.00,   0.37,   0.09
  0.00;   0.35;   0.00;   0.00,   0.35,   0.09
  0.00;   0.41;   0.00;   0.00,   0.41,   0.09
  0.00;   0.41;   0.00;   0.00,   0.41,   0.09
  0.00;   0.39;   0.00;   0.00,   0.39,   0.09
  0.00;   0.39;   0.00;   0.00,   0.39,   0.09
  0.00;   0.43;   0.00;   0.00,   0.43,   0.09
  0.00;   0.34;   0.00;   0.00,   0.34,   0.09
  0.00;   0.34;   0.00;   0.00,   0.34,   0.09
  0.00;   0.37;   0.00;   0.00,   0.37,   0.09
  0.00;   0.37;   0.00;   0.00,   0.37,   0.09
  0.00;   0.37;   0.00;   0.00,   0.37,   0.09
  0.00;   0.41;   0.00;   0.00,   0.41,   0.09
  0.00;   0.41;   0.00;   0.00,   0.41,   0.09
  0.00;   0.33;   0.00;   0.00,   0.33,   0.09
  0.00;   0.32;   0.00;   0.00,   0.32,   0.09
  0.00;   0.32;   0.00;   0.00,   0.32,   0.09
  0.00;   0.39;   0.00;   0.00,   0.39,   0.09
  0.00;   0.34;   0.00;   0.00,   0.34,   0.09
  0.00;   0.34;   0.00;   0.00,   0.34,   0.09
  0.00;   0.35;   0.00;   0.00,   0.35,   0.09
  0.00;   0.35;   0.00;   0.00,   0.35,   0.09
  0.00;   0.26;   0.00;   0.00,   0.26,   0.09
  0.00;   0.42;   0.00;   0.00,   0.42,   0.09
  0.00;   0.42;   0.00;   0.00,   0.42,   0.09
  0.00;   0.40;   0.00;   0.00,   0.40,   0.09
  0.00;   0.40;   0.00;   0.00,   0.40,   0.09
  0.00;   0.37;   0.00;   0.00,   0.37,   0.09
  0.00;   0.39;   0.00;   0.00,   0.39,   0.09
  0.00;   0.39;   0.00;   0.00,   0.39,   0.09
  0.00;   0.34;   0.00;   0.00,   0.34,   0.09
  0.00;   0.34;   0.00;   0.00,   0.34,   0.09
  0.00;   0.34;   0.00;   0.00,   0.34,   0.09
  0.00;   0.36;   0.00;   0.00,   0.36,   0.09
  0.00;   0.36;   0.00;   0.00,   0.36,   0.09
  0.00;   0.35;   0.00;   0.00,   0.35,   0.09
  0.00;   0.38;   0.00;   0.00,   0.38,   0.09
  0.00;   0.38;   0.00;   0.00,   0.38,   0.10
  0.00;   0.33;   0.00;   0.00,   0.33,   0.10
  0.00;   0.31;   0.00;   0.00,   0.31,   0.10
  0.00;   0.31;   0.00;   0.00,   0.31,   0.10
  0.00;   0.34;   0.00;   0.00,   0.34,   0.10
  0.00;   0.34;   0.00;   0.00,   0.34,   0.10
  0.00;   0.36;   0.00;   0.00,   0.36,   0.10
  0.00;   0.41;   0.00;   0.00,   0.41,   0.10
  0.00;   0.41;   0.00;   0.00,   0.41,   0.10
  0.00;   0.39;   0.00;   0.00,   0.39,   0.10
  0.00;   0.39;   0.00;   0.00,   0.39,   0.10
  0.00;   0.32;   0.00;   0.00,   0.32,   0.10
  0.00;   0.42;   0.00;   0.00,   0.42,   0.10
  0.00;   0.42;   0.00;   0.00,   0.42,   0.10
  0.00;   0.38;   0.00;   0.00,   0.38,   0.10
  0.00;   0.37;   0.00;   0.00,   0.37,   0.10
  0.00;   0.37;   0.00;   0.00,   0.37,   0.10
  0.00;   0.39;   0.00;   0.00,   0.39,   0.10
  0.00;   0.39;   0.00;   0.00,   0.39,   0.10
  0.00;   0.37;   0.00;   0.00,   0.37,   0.10
  0.00;   0.34;   0.00;   0.00,   0.34,   0.10
  0.00;   0.34;   0.00;   0.00,   0.34,   0.10
  0.00;   0.42;   0.00;   0.00,   0.42,   0.10
  0.00;   0.42;   0.00;   0.00,   0.42,   0.10
  0.00;   0.41;   0.00;   0.00,   0.41,   0.10
  0.00;   0.37;   0.00;   0.00,   0.37,   0.10
  0.00;   0.37;   0.00;   0.00,   0.37,   0.10
  0.00;   0.34;   0.00;   0.00,   0.34,   0.10
  0.00;   0.37;   0.00;   0.00,   0.37,   0.10
  0.00;   0.37;   0.00;   0.00,   0.37,   0.10
  0.00;   0.36;   0.00;   0.00,   0.36,   0.10
  0.00;   0.36;   0.00;   0.00,   0.36,   0.10
  0.00;   0.38;   0.00;   0.00,   0.38,   0.10
  0.00;   0.42;   0.00;   0.00,   0.42,   0.10
  0.00;   0.42;   0.00;   0.00,   0.42,   0.10
  0.00;   0.34;   0.00;   0.00,   0.34,   0.10
  0.00;   0.36;   0.00;   0.00,   0.36,   0.10
  0.00;   0.36;   0.00;   0.00,   0.36,   0.10
  0.00;   0.38;   0.00;   0.00,   0.38,   0.10
  0.00;   0.38;   0.00;   0.00,   0.38,   0.10
  0.00;   0.40;   0.00;   0.00,   0.40,   0.10
  0.00;   0.47;   0.00;   0.00,   0.47,   0.10
  0.00;   0.47;   0.00;   0.00,   0.47,   0.10
  0.00;   0.35;   0.00;   0.00,   0.35,   0.10
  0.00;   0.35;   0.00;   0.00,   0.35,   0.10
  0.00;   0.40;   0.00;   0.00,   0.40,   0.10
  0.00;   0.39;   0.00;   0.00,   0.39,   0.10
  0.00;   0.39;   0.00;   0.00,   0.39,   0.10
  0.00;   0.34;   0.00;   0.00,   0.34,   0.10
  0.00;   0.37;   0.00;   0.00,   0.37,   0.10
  0.00;   0.37;   0.00;   0.00,   0.37,   0.10
  0.00;   0.36;   0.00;   0.00,   0.36,   0.10
  0.00;   0.36;   0.00;   0.00,   0.36,   0.10
  0.00;   0.38;   0.00;   0.00,   0.38,   0.10
  0.00;   0.35;   0.00;   0.00,   0.35,   0.10
  0.00;   0.35;   0.00;   0.00,   0.35,   0.10
  0.00;   0.44;   0.00;   0.00,   0.44,   0.10
  0.00;   0.44;   0.00;   0.00,   0.44,   0.10
  0.00;   0.35;   0.00;   0.00,   0.35,   0.10
  0.00;   0.39;   0.00;   0.00,   0.39,   0.10
  0.00;   0.39;   0.00;   0.00,   0.39,   0.10
  0.00;   0.30;   0.00;   0.00,   0.30,   0.10
  0.00;   0.38;   0.00;   0.00,   0.38,   0.10
  0.00;   0.38;   0.00;   0.00,   0.38,   0.10
  0.00;   0.42;   0.00;   0.00,   0.42,   0.10
  0.00;   0.42;   0.00;   0.00,   0.42,   0.10
  0.00;   0.37;   0.00;   0.00,   0.37,   0.10
  0.00;   0.41;   0.00;   0.00,   0.41,   0.10
  0.00;   0.41;   0.00;   0.00,   0.41,   0.10
  0.00;   0.35;   0.00;   0.00,   0.35,   0.10
  0.00;   0.35;   0.00;   0.00,   0.35,   0.10
  0.00;   0.35;   0.00;   0.00,   0.35,   0.10
  0.00;   0.38;   0.00;   0.00,   0.38,   0.10
  0.00;   0.38;   0.00;   0.00,   0.38,   0.10
  0.00;   0.37;   0.00;   0.00,   0.37,   0.10
  0.00;   0.38;   0.00;   0.00,   0.38,   0.10
  0.00;   0.38;   0.00;   0.00,   0.38,   0.10
  0.00;   0.36;   0.00;   0.00,   0.36,   0.10
  0.00;   0.36;   0.00;   0.00,   0.36,   0.10
  0.00;   0.36;   0.00;   0.00,   0.36,   0.10
  0.00;   0.36;   0.00;   0.00,   0.36,   0.10
  0.00;   0.36;   0.00;   0.00,   0.36,   0.11
  0.00;   0.37;   0.00;   0.00,   0.37,   0.11
  0.00;   0.39;   0.00;   0.00,   0.39,   0.11
  0.00;   0.39;   0.00;   0.00,   0.39,   0.11
  0.00;   0.38;   0.00;   0.00,   0.38,   0.11
  0.00;   0.38;   0.00;   0.00,   0.38,   0.11
  0.00;   0.37;   0.00;   0.00,   0.37,   0.11
  0.00;   0.35;   0.00;   0.00,   0.35,   0.11
  0.00;   0.35;   0.00;   0.00,   0.35,   0.11
  0.00;   0.39;   0.00;   0.00,   0.39,   0.11
  0.00;   0.38;   0.00;   0.00,   0.38,   0.11
  0.00;   0.38;   0.00;   0.00,   0.38,   0.11
  0.00;   0.35;   0.00;   0.00,   0.35,   0.11
  0.00;   0.35;   0.00;   0.00,   0.35,   0.11
  0.00;   0.38;   0.00;   0.00,   0.38,   0.11
  0.00;   0.37;   0.00;   0.00,   0.37,   0.11
  0.00;   0.37;   0.00;   0.00,   0.37,   0.11
  0.00;   0.38;   0.00;   0.00,   0.38,   0.11
  0.00;   0.38;   0.00;   0.00,   0.38,   0.11
  0.00;   0.38;   0.00;   0.00,   0.38,   0.11
  0.00;   0.35;   0.00;   0.00,   0.35,   0.11
  0.00;   0.35;   0.00;   0.00,   0.35,   0.11
  0.00;   0.38;   0.00;   0.00,   0.38,   0.11
  0.00;   0.27;   0.00;   0.00,   0.27,   0.11
  0.00;   0.27;   0.00;   0.00,   0.27,   0.11
  0.00;   0.38;   0.00;   0.00,   0.38,   0.11
  0.00;   0.38;   0.00;   0.00,   0.38,   0.11
  0.00;   0.35;   0.00;   0.00,   0.35,   0.11
  0.00;   0.40;   0.00;   0.00,   0.40,   0.11
  0.00;   0.40;   0.00;   0.00,   0.40,   0.11
  0.00;   0.43;   0.00;   0.00,   0.43,   0.11
  0.00;   0.34;   0.00;   0.00,   0.34,   0.11
  0.00;   0.34;   0.00;   0.00,   0.34,   0.11
  0.00;   0.34;   0.00;   0.00,   0.34,   0.11
  0.00;   0.34;   0.00;   0.00,   0.34,   0.11
  0.00;   0.39;   0.00;   0.00,   0.39,   0.11
  0.00;   0.42;   0.00;   0.00,   0.42,   0.11
  0.00;   0.42;   0.00;   0.00,   0.42,   0.11
  0.00;   0.34;   0.00;   0.00,   0.34,   0.11
  0.00;   0.34;   0.00;   0.00,   0.34,   0.11
  0.00;   0.34;   0.00;   0.00,   0.34,   0.11
  0.00;   0.39;   0.00;   0.00,   0.39,   0.11
  0.00;   0.39;   0.00;   0.00,   0.39,   0.11
  0.00;   0.38;   0.00;   0.00,   0.38,   0.11
  0.00;   0.39;   0.00;   0.00,   0.39,   0.11
  0.00;   0.39;   0.00;   0.00,   0.39,   0.11
  0.00;   0.42;   0.00;   0.00,   0.42,   0.11
  0.00;   0.42;   0.00;   0.00,   0.42,   0.11
  0.00;   0.36;   0.00;   0.00,   0.36,   0.11
  0.00;   0.33;   0.00;   0.00,   0.33,   0.11
  0.00;   0.33;   0.00;   0.00,   0.33,   0.11
  0.00;   0.34;   0.00;   0.00,   0.34,   0.11
  0.00;   0.29;   0.00;   0.00,   0.29,   0.11
  0.00;   0.29;   0.00;   0.00,   0.29,   0.11
  0.00;   0.36;   0.00;   0.00,   0.36,   0.11
  0.00;   0.36;   0.00;   0.00,   0.36,   0.11
  0.00;   0.36;   0.00;   0.00,   0.36,   0.11
  0.00;   0.37;   0.00;   0.00,   0.37,   0.11
  0.00;   0.37;   0.00;   0.00,   0.37,   0.11
  0.00;   0.44;   0.00;   0.00,   0.44,   0.11
  0.00;   0.44;   0.00;   0.00,   0.44,   0.11
  0.00;   0.34;   0.00;   0.00,   0.34,   0.11
  0.00;   0.40;   0.00;   0.00,   0.40,   0.11
  0.00;   0.40;   0.00;   0.00,   0.40,   0.11
  0.00;   0.35;   0.00;   0.00,   0.35,   0.11
  0.00;   0.35;   0.00;   0.00,   0.35,   0.11
  0.00;   0.35;   0.00;   0.00,   0.35,   0.11
  0.00;   0.40;   0.00;   0.00,   0.40,   0.11
  0.00;   0.40;   0.00;   0.00,   0.40,   0.11
  0.00;   0.35;   0.00;   0.00,   0.35,   0.11
  0.00;   0.39;   0.00;   0.00,   0.39,   0.11
  0.00;   0.39;   0.00;   0.00,   0.39,   0.11
  0.00;   0.45;   0.00;   0.00,   0.45,   0.11
  0.00;   0.34;   0.00;   0.00,   0.34,   0.11
  0.00;   0.34;   0.00;   0.00,   0.34,   0.11
  0.00;   0.38;   0.00;   0.00,   0.38,   0.11
  0.00;   0.38;   0.00;   0.00,   0.38,   0.11
  0.00;   0.36;   0.00;   0.00,   0.36,   0.11
  0.00;   0.33;   0.00;   0.00,   0.33,   0.11
  0.00;   0.33;   0.00;   0.00,   0.33,   0.11
  0.00;   0.38;   0.00;   0.00,   0.38,   0.11
  0.00;   0.38;   0.00;   0.00,   0.38,   0.12
  0.00;   0.34;   0.00;   0.00,   0.34,   0.12
  0.00;   0.34;   0.00;   0.00,   0.34,   0.12
  0.00;   0.34;   0.00;   0.00,   0.34,   0.12
  0.00;   0.38;   0.00;   0.00,   0.38,   0.12
  0.00;   0.38;   0.00;   0.00,   0.38,   0.12
  0.00;   0.38;   0.00;   0.00,   0.38,   0.12
  0.00;   0.34;   0.00;   0.00,   0.34,   0.12
  0.00;   0.34;   0.00;   0.00,   0.34,   0.12
  0.00;   0.40;   0.00;   0.00,   0.40,   0.12
  0.00;   0.43;   0.00;   0.00,   0.43,   0.12
  0.00;   0.43;   0.00;   0.00,   0.43,   0.12
  0.00;   0.32;   0.00;   0.00,   0.32,   0.12
  0.00;   0.40;   0.00;   0.00,   0.40,   0.12
  0.00;   0.40;   0.00;   0.00,   0.40,   0.12
  0.00;   0.38;   0.00;   0.00,   0.38,   0.12
  0.00;   0.38;   0.00;   0.00,   0.38,   0.12
  0.00;   0.36;   0.00;   0.00,   0.36,   0.12
  0.00;   0.36;   0.00;   0.00,   0.36,   0.12
  0.00;   0.36;   0.00;   0.00,   0.36,   0.12
  0.00;   0.36;   0.00;   0.00,   0.36,   0.12
  0.00;   0.36;   0.00;   0.00,   0.36,   0.12
  0.00;   0.36;   0.00;   0.00,   0.36,   0.12
  0.00;   0.44;   0.00;   0.00,   0.44,   0.12
  0.00;   0.44;   0.00;   0.00,   0.44,   0.12
  0.00;   0.35;   0.00;   0.00,   0.35,   0.12
  0.00;   0.34;   0.00;   0.00,   0.34,   0.12
  0.00;   0.34;   0.00;   0.00,   0.34,   0.12
  0.00;   0.40;   0.00;   0.00,   0.40,   0.12
  0.00;   0.40;   0.00;   0.00,   0.40,   0.12
  0.00;   0.33;   0.00;   0.00,   0.33,   0.12
  0.00;   0.33;   0.00;   0.00,   0.33,   0.12
  0.00;   0.37;   0.00;   0.00,   0.37,   0.12
  0.00;   0.41;   0.00;   0.00,   0.41,   0.12
  0.00;   0.41;   0.00;   0.00,   0.41,   0.12
  0.00;   0.35;   0.00;   0.00,   0.35,   0.12
  0.00;   0.35;   0.00;   0.00,   0.35,   0.12
  0.00;   0.34;   0.00;   0.00,   0.34,   0.12
  0.00;   0.35;   0.00;   0.00,   0.35,   0.12
  0.00;   0.35;   0.00;   0.00,   0.35,   0.12
  0.00;   0.35;   0.00;   0.00,   0.35,   0.12
  0.00;   0.35;   0.00;   0.00,   0.35,   0.12
  0.00;   0.35;   0.00;   0.00,   0.35,   0.12
  0.00;   0.44;   0.00;   0.00,   0.44,   0.12
  0.00;   0.44;   0.00;   0.00,   0.44,   0.12
  0.00;   0.37;   0.00;   0.00,   0.37,   0.12
  0.00;   0.37;   0.00;   0.00,   0.37,   0.12
  0.00;   0.37;   0.00;   0.00,   0.37,   0.12
  0.00;   0.39;   0.00;   0.00,   0.39,   0.12
  0.00;   0.40;   0.00;   0.00,   0.40,   0.12
  0.00;   0.40;   0.00;   0.00,   0.40,   0.12
  0.00;   0.41;   0.00;   0.00,   0.41,   0.12
  0.00;   0.41;   0.00;   0.00,   0.41,   0.12
  0.00;   0.38;   0.00;   0.00,   0.38,   0.12
  0.00;   0.36;   0.00;   0.00,   0.36,   0.12
  0.00;   0.36;   0.00;   0.00,   0.36,   0.12
  0.00;   0.35;   0.00;   0.00,   0.35,   0.12
  0.00;   0.39;   0.00;   0.00,   0.39,   0.12
  0.00;   0.39;   0.00;   0.00,   0.39,   0.12
  0.00;   0.30;   0.00;   0.00,   0.30,   0.12
  0.00;   0.30;   0.00;   0.00,   0.30,   0.12
  0.00;   0.39;   0.00;   0.00,   0.39,   0.12
  0.00;   0.39;   0.00;   0.00,   0.39,   0.12
  0.00;   0.39;   0.00;   0.00,   0.39,   0.12
  0.00;   0.41;   0.00;   0.00,   0.41,   0.12
  0.00;   0.41;   0.00;   0.00,   0.41,   0.12
  0.00;   0.37;   0.00;   0.00,   0.37,   0.12
  0.00;   0.39;   0.00;   0.00,   0.39,   0.12
  0.00;   0.39;   0.00;   0.00,   0.39,   0.12
  0.00;   0.44;   0.00;   0.00,   0.44,   0.12
  0.00;   0.35;   0.00;   0.00,   0.35,   0.12
  0.00;   0.35;   0.00;   0.00,   0.35,   0.12
  0.00;   0.38;   0.00;   0.00,   0.38,   0.12
  0.00;   0.38;   0.00;   0.00,   0.38,   0.12
  0.00;   0.39;   0.00;   0.00,   0.39,   0.12
  0.00;   0.41;   0.00;   0.00,   0.41,   0.12
  0.00;   0.41;   0.00;   0.00,   0.41,   0.12
  0.00;   0.38;   0.00;   0.00,   0.38,   0.12
  0.00;   0.38;   0.00;   0.00,   0.38,   0.12
  0.00;   0.34;   0.00;   0.00,   0.34,   0.13
  0.00;   0.42;   0.00;   0.00,   0.42,   0.13
  0.00;   0.42;   0.00;   0.00,   0.42,   0.13
  0.00;   0.39;   0.00;   0.00,   0.39,   0.13
  0.00;   0.35;   0.00;   0.00,   0.35,   0.13
  0.00;   0.35;   0.00;   0.00,   0.35,   0.13
  0.00;   0.35;   0.00;   0.00,   0.35,   0.13
  0.00;   0.35;   0.00;   0.00,   0.35,   0.13
  0.00;   0.37;   0.00;   0.00,   0.37,   0.13
  0.00;   0.33;   0.00;   0.00,   0.33,   0.13
  0.00;   0.33;   0.00;   0.00,   0.33,   0.13
  0.00;   0.41;   0.00;   0.00,   0.41,   0.13
  0.00;   0.36;   0.00;   0.00,   0.36,   0.13
  0.00;   0.36;   0.00;   0.00,   0.36,   0.13
  0.00;   0.36;   0.00;   0.00,   0.36,   0.13
  0.00;   0.36;   0.00;   0.00,   0.36,   0.13
  0.00;   0.37;   0.00;   0.00,   0.37,   0.13
  0.00;   0.39;   0.00;   0.00,   0.39,   0.13
  0.00;   0.39;   0.00;   0.00,   0.39,   0.13
  0.00;   0.34;   0.00;   0.00,   0.34,   0.13
  0.00;   0.34;   0.00;   0.00,   0.34,   0.13
  0.00;   0.34;   0.00;   0.00,   0.34,   0.13
  0.00;   0.38;   0.00;   0.00,   0.38,   0.13
  0.00;   0.38;   0.00;   0.00,   0.38,   0.13
  0.00;   0.38;   0.00;   0.00,   0.38,   0.13
  0.00;   0.39;   0.00;   0.00,   0.39,   0.13
  0.00;   0.39;   0.00;   0.00,   0.39,   0.13
  0.00;   0.43;   0.00;   0.00,   0.43,   0.13
  0.00;   0.43;   0.00;   0.00,   0.43,   0.13
  0.00;   0.36;   0.00;   0.00,   0.36,   0.13
  0.00;   0.38;   0.00;   0.00,   0.38,   0.13
  0.00;   0.38;   0.00;   0.00,   0.38,   0.13
  0.00;   0.35;   0.00;   0.00,   0.35,   0.13
  0.00;   0.36;   0.00;   0.00,   0.36,   0.13
  0.00;   0.36;   0.00;   0.00,   0.36,   0.13
  0.00;   0.41;   0.00;   0.00,   0.41,   0.13
  0.00;   0.41;   0.00;   0.00,   0.41,   0.13
  0.00;   0.38;   0.00;   0.00,   0.38,   0.13
  0.00;   0.40;   0.00;   0.00,   0.40,   0.13
  0.00;   0.40;   0.00;   0.00,   0.40,   0.13
  0.00;   0.36;   0.00;   0.00,   0.36,   0.13
  0.00;   0.38;   0.00;   0.00,   0.38,   0.13
  0.00;   0.38;   0.00;   0.00,   0.38,   0.13
  0.00;   0.39;   0.00;   0.00,   0.39,   0.13
  0.00;   0.39;   0.00;   0.00,   0.39,   0.13
  0.00;   0.34;   0.00;   0.00,   0.34,   0.13
  0.00;   0.31;   0.00;   0.00,   0.31,   0.13
  0.00;   0.31;   0.00;   0.00,   0.31,   0.13
  0.00;   0.34;   0.00;   0.00,   0.34,   0.13
  0.00;   0.34;   0.00;   0.00,   0.34,   0.13
  0.00;   0.39;   0.00;   0.00,   0.39,   0.13
  0.00;   0.35;   0.00;   0.00,   0.35,   0.13
  0.00;   0.35;   0.00;   0.00,   0.35,   0.13
  0.00;   0.39;   0.00;   0.00,   0.39,   0.13
  0.00;   0.38;   0.00;   0.00,   0.38,   0.13
  0.00;   0.38;   0.00;   0.00,   0.38,   0.13
  0.00;   0.40;   0.00;   0.00,   0.40,   0.13
  0.00;   0.40;   0.00;   0.00,   0.40,   0.13
  0.00;   0.37;   0.00;   0.00,   0.37,   0.13
  0.00;   0.44;   0.00;   0.00,   0.44,   0.13
  0.00;   0.44;   0.00;   0.00,   0.44,   0.13
  0.00;   0.41;   0.00;   0.00,   0.41,   0.13
  0.00;   0.41;   0.00;   0.00,   0.41,   0.13
  0.00;   0.32;   0.00;   0.00,   0.32,   0.13
  0.00;   0.36;   0.00;   0.00,   0.36,   0.13
  0.00;   0.36;   0.00;   0.00,   0.36,   0.13
  0.00;   0.39;   0.00;   0.00,   0.39,   0.13
  0.00;   0.35;   0.00;   0.00,   0.35,   0.13
  0.00;   0.35;   0.00;   0.00,   0.35,   0.13
  0.00;   0.37;   0.00;   0.00,   0.37,   0.13
  0.00;   0.37;   0.00;   0.00,   0.37,   0.13
  0.00;   0.35;   0.00;   0.00,   0.35,   0.13
  0.00;   0.38;   0.00;   0.00,   0.38,   0.13
  0.00;   0.38;   0.00;   0.00,   0.38,   0.13
  0.00;   0.40;   0.00;   0.00,   0.40,   0.13
  0.00;   0.36;   0.00;   0.00,   0.36,   0.13
  0.00;   0.36;   0.00;   0.00,   0.36,   0.13
  0.00;   0.35;   0.00;   0.00,   0.35,   0.13
  0.00;   0.35;   0.00;   0.00,   0.35,   0.13
  0.00;   0.39;   0.00;   0.00,   0.39,   0.13
  0.00;   0.34;   0.00;   0.00,   0.34,   0.13
  0.00;   0.34;   0.00;   0.00,   0.34,   0.13
  0.00;   0.36;   0.00;   0.00,   0.36,   0.13
  0.00;   0.41;   0.00;   0.00,   0.41,   0.13
  0.00;   0.41;   0.00;   0.00,   0.41,   0.13
  0.00;   0.37;   0.00;   0.00,   0.37,   0.13
  0.00;   0.37;   0.00;   0.00,   0.37,   0.14
  0.00;   0.34;   0.00;   0.00,   0.34,   0.14
  0.00;   0.43;   0.00;   0.00,   0.43,   0.14
  0.00;   0.43;   0.00;   0.00,   0.43,   0.14
  0.00;   0.37;   0.00;   0.00,   0.37,   0.14
  0.00;   0.37;   0.00;   0.00,   0.37,   0.14
  0.00;   0.39;   0.00;   0.00,   0.39,   0.14
  0.00;   0.29;   0.00;   0.00,   0.29,   0.14
  0.00;   0.29;   0.00;   0.00,   0.29,   0.14
  0.00;   0.37;   0.00;   0.00,   0.37,   0.14
  0.00;   0.41;   0.00;   0.00,   0.41,   0.14
  0.00;   0.41;   0.00;   0.00,   0.41,   0.14
  0.00;   0.31;   0.00;   0.00,   0.31,   0.14
  0.00;   0.31;   0.00;   0.00,   0.31,   0.14
  0.00;   0.40;   0.00;   0.00,   0.40,   0.14
  0.00;   0.34;   0.00;   0.00,   0.34,   0.14
  0.00;   0.34;   0.00;   0.00,   0.34,   0.14
  0.00;   0.35;   0.00;   0.00,   0.35,   0.14
  0.00;   0.38;   0.00;   0.00,   0.38,   0.14
  0.00;   0.38;   0.00;   0.00,   0.38,   0.14
  0.00;   0.39;   0.00;   0.00,   0.39,   0.14
  0.00;   0.39;   0.00;   0.00,   0.39,   0.14
  0.00;   0.37;   0.00;   0.00,   0.37,   0.14
  0.00;   0.37;   0.00;   0.00,   0.37,   0.14
  0.00;   0.37;   0.00;   0.00,   0.37,   0.14
  0.00;   0.37;   0.00;   0.00,   0.37,   0.14
  0.00;   0.37;   0.00;   0.00,   0.37,   0.14
  0.00;   0.32;   0.00;   0.00,   0.32,   0.14
  0.00;   0.36;   0.00;   0.00,   0.36,   0.14
  0.00;   0.36;   0.00;   0.00,   0.36,   0.14
  0.00;   0.40;   0.00;   0.00,   0.40,   0.14
  0.00;   0.35;   0.00;   0.00,   0.35,   0.14
  0.00;   0.35;   0.00;   0.00,   0.35,   0.14
  0.00;   0.37;   0.00;   0.00,   0.37,   0.14
  0.00;   0.37;   0.00;   0.00,   0.37,   0.14
  0.00;   0.36;   0.00;   0.00,   0.36,   0.14
  0.00;   0.44;   0.00;   0.00,   0.44,   0.14
  0.00;   0.44;   0.00;   0.00,   0.44,   0.14
  0.00;   0.40;   0.00;   0.00,   0.40,   0.14
  0.00;   0.37;   0.00;   0.00,   0.37,   0.14
  0.00;   0.37;   0.00;   0.00,   0.37,   0.14
  0.00;   0.40;   0.00;   0.00,   0.40,   0.14
  0.00;   0.40;   0.00;   0.00,   0.40,   0.14
  0.00;   0.36;   0.00;   0.00,   0.36,   0.14
  0.00;   0.43;   0.00;   0.00,   0.43,   0.14
  0.00;   0.43;   0.00;   0.00,   0.43,   0.14
  0.00;   0.41;   0.00;   0.00,   0.41,   0.14
  0.00;   0.39;   0.00;   0.00,   0.39,   0.14
  0.00;   0.39;   0.00;   0.00,   0.39,   0.14
  0.00;   0.35;   0.00;   0.00,   0.35,   0.14
  0.00;   0.35;   0.00;   0.00,   0.35,   0.14
  0.00;   0.41;   0.00;   0.00,   0.41,   0.14
  0.00;   0.38;   0.00;   0.00,   0.38,   0.14
  0.00;   0.38;   0.00;   0.00,   0.38,   0.14
  0.00;   0.42;   0.00;   0.00,   0.42,   0.14
  0.00;   0.42;   0.00;   0.00,   0.42,   0.14
  0.00;   0.39;   0.00;   0.00,   0.39,   0.14
  0.00;   0.39;   0.00;   0.00,   0.39,   0.14
  0.00;   0.39;   0.00;   0.00,   0.39,   0.14
  0.00;   0.36;   0.00;   0.00,   0.36,   0.14
  0.00;   0.36;   0.00;   0.00,   0.36,   0.14
  0.00;   0.36;   0.00;   0.00,   0.36,   0.14
  0.00;   0.47;   0.00;   0.00,   0.47,   0.14
  0.00;   0.47;   0.00;   0.00,   0.47,   0.14
  0.00;   0.43;   0.00;   0.00,   0.43,   0.14
  0.00;   0.42;   0.00;   0.00,   0.42,   0.14
  0.00;   0.42;   0.00;   0.00,   0.42,   0.14
  0.00;   0.42;   0.00;   0.00,   0.42,   0.14
  0.00;   0.42;   0.00;   0.00,   0.42,   0.14
  0.00;   0.39;   0.00;   0.00,   0.39,   0.14
  0.00;   0.41;   0.00;   0.00,   0.41,   0.14
  0.00;   0.41;   0.00;   0.00,   0.41,   0.14
  0.00;   0.30;   0.00;   0.00,   0.30,   0.14
  0.00;   0.37;   0.00;   0.00,   0.37,   0.14
  0.00;   0.37;   0.00;   0.00,   0.37,   0.14
  0.00;   0.39;   0.00;   0.00,   0.39,   0.14
  0.00;   0.39;   0.00;   0.00,   0.39,   0.14
  0.00;   0.35;   0.00;   0.00,   0.35,   0.14
  0.00;   0.38;   0.00;   0.00,   0.38,   0.14
  0.00;   0.38;   0.00;   0.00,   0.38,   0.14
  0.00;   0.40;   0.00;   0.00,   0.40,   0.14
  0.00;   0.38;   0.00;   0.00,   0.38,   0.14
  0.00;   0.38;   0.00;   0.00,   0.38,   0.14
  0.00;   0.31;   0.00;   0.00,   0.31,   0.15
  0.00;   0.31;   0.00;   0.00,   0.31,   0.15
  0.00;   0.38;   0.00;   0.00,   0.38,   0.15
  0.00;   0.31;   0.00;   0.00,   0.31,   0.15
  0.00;   0.31;   0.00;   0.00,   0.31,   0.15
  0.00;   0.37;   0.00;   0.00,   0.37,   0.15
  0.00;   0.37;   0.00;   0.00,   0.37,   0.15
  0.00;   0.37;   0.00;   0.00,   0.37,   0.15
  0.00;   0.37;   0.00;   0.00,   0.37,   0.15
  0.00;   0.37;   0.00;   0.00,   0.37,   0.15
  0.00;   0.38;   0.00;   0.00,   0.38,   0.15
  0.00;   0.44;   0.00;   0.00,   0.44,   0.15
  0.00;   0.44;   0.00;   0.00,   0.44,   0.15
  0.00;   0.38;   0.00;   0.00,   0.38,   0.15
  0.00;   0.38;   0.00;   0.00,   0.38,   0.15
  0.00;   0.37;   0.00;   0.00,   0.37,   0.15
  0.00;   0.30;   0.00;   0.00,   0.30,   0.15
  0.00;   0.30;   0.00;   0.00,   0.30,   0.15
  0.00;   0.38;   0.00;   0.00,   0.38,   0.15
  0.00;   0.38;   0.00;   0.00,   0.38,   0.15
  0.00;   0.39;   0.00;   0.00,   0.39,   0.15
  0.00;   0.40;   0.00;   0.00,   0.40,   0.15
  0.00;   0.40;   0.00;   0.00,   0.40,   0.15
  0.00;   0.34;   0.00;   0.00,   0.34,   0.15
  0.00;   0.39;   0.00;   0.00,   0.39,   0.15
  0.00;   0.39;   0.00;   0.00,   0.39,   0.15
  0.00;   0.35;   0.00;   0.00,   0.35,   0.15
  0.00;   0.35;   0.00;   0.00,   0.35,   0.15
  0.00;   0.31;   0.00;   0.00,   0.31,   0.15
  0.00;   0.36;   0.00;   0.00,   0.36,   0.15
  0.00;   0.36;   0.00;   0.00,   0.36,   0.15
  0.00;   0.37;   0.00;   0.00,   0.37,   0.15
  0.00;   0.32;   0.00;   0.00,   0.32,   0.15
  0.00;   0.32;   0.00;   0.00,   0.32,   0.15
  0.00;   0.35;   0.00;   0.00,   0.35,   0.15
  0.00;   0.35;   0.00;   0.00,   0.35,   0.15
  0.00;   0.36;   0.00;   0.00,   0.36,   0.15
  0.00;   0.36;   0.00;   0.00,   0.36,   0.15
  0.00;   0.36;   0.00;   0.00,   0.36,   0.15
  0.00;   0.41;   0.00;   0.00,   0.41,   0.15
  0.00;   0.37;   0.00;   0.00,   0.37,   0.15
  0.00;   0.37;   0.00;   0.00,   0.37,   0.15
  0.00;   0.40;   0.00;   0.00,   0.40,   0.15
  0.00;   0.40;   0.00;   0.00,   0.40,   0.15
  0.00;   0.34;   0.00;   0.00,   0.34,   0.15
  0.00;   0.40;   0.00;   0.00,   0.40,   0.15
  0.00;   0.40;   0.00;   0.00,   0.40,   0.15
  0.00;   0.33;   0.00;   0.00,   0.33,   0.15
  0.00;   0.35;   0.00;   0.00,   0.35,   0.15
  0.00;   0.35;   0.00;   0.00,   0.35,   0.15
  0.00;   0.36;   0.00;   0.00,   0.36,   0.15
  0.00;   0.36;   0.00;   0.00,   0.36,   0.15
  0.00;   0.42;   0.00;   0.00,   0.42,   0.15
  0.00;   0.34;   0.00;   0.00,   0.34,   0.15
  0.00;   0.34;   0.00;   0.00,   0.34,   0.15
  0.00;   0.35;   0.00;   0.00,   0.35,   0.15
  0.00;   0.38;   0.00;   0.00,   0.38,   0.15
  0.00;   0.38;   0.00;   0.00,   0.38,   0.15
  0.00;   0.31;   0.00;   0.00,   0.31,   0.15
  0.00;   0.31;   0.00;   0.00,   0.31,   0.15
  0.00;   0.35;   0.00;   0.00,   0.35,   0.15
  0.00;   0.33;   0.00;   0.00,   0.33,   0.15
  0.00;   0.33;   0.00;   0.00,   0.33,   0.15
  0.00;   0.34;   0.00;   0.00,   0.34,   0.15
  0.00;   0.39;   0.00;   0.00,   0.39,   0.15
  0.00;   0.39;   0.00;   0.00,   0.39,   0.15
  0.00;   0.44;   0.00;   0.00,   0.44,   0.15
  0.00;   0.44;   0.00;   0.00,   0.44,   0.15
  0.00;   0.38;   0.00;   0.00,   0.38,   0.15
  0.00;   0.34;   0.00;   0.00,   0.34,   0.15
  0.00;   0.34;   0.00;   0.00,   0.34,   0.15
  0.00;   0.41;   0.00;   0.00,   0.41,   0.15
  0.00;   0.36;   0.00;   0.00,   0.36,   0.15
  0.00;   0.36;   0.00;   0.00,   0.36,   0.15
  0.00;   0.37;   0.00;   0.00,   0.37,   0.15
  0.00;   0.37;   0.00;   0.00,   0.37,   0.15
  0.00;   0.38;   0.00;   0.00,   0.38,   0.15
  0.00;   0.35;   0.00;   0.00,   0.35,   0.15
  0.00;   0.35;   0.00;   0.00,   0.35,   0.15
  0.00;   0.43;   0.00;   0.00,   0.43,   0.15
  0.00;   0.43;   0.00;   0.00,   0.43,   0.15
  0.00;   0.35;   0.00;   0.00,   0.35,   0.15
  0.00;   0.40;   0.00;   0.00,   0.40,   0.15
  0.00;   0.40;   0.00;   0.00,   0.40,   0.15
  0.00;   0.29;   0.00;   0.00,   0.29,   0.15
  0.00;   0.37;   0.00;   0.00,   0.37,   0.15
  0.00;   0.37;   0.00;   0.00,   0.37,   0.15
  0.00;   0.37;   0.00;   0.00,   0.37,   0.15
  0.00;   0.37;   0.00;   0.00,   0.37,   0.16
  0.00;   0.43;   0.00;   0.00,   0.43,   0.16
  0.00;   0.32;   0.00;   0.00,   0.32,   0.16
  0.00;   0.32;   0.00;   0.00,   0.32,   0.16
  0.00;   0.36;   0.00;   0.00,   0.36,   0.16
  0.00;   0.36;   0.00;   0.00,   0.36,   0.16
  0.00;   0.36;   0.00;   0.00,   0.36,   0.16
  0.00;   0.37;   0.00;   0.00,   0.37,   0.16
  0.00;   0.37;   0.00;   0.00,   0.37,   0.16
  0.00;   0.33;   0.00;   0.00,   0.33,   0.16
  0.00;   0.38;   0.00;   0.00,   0.38,   0.16
  0.00;   0.38;   0.00;   0.00,   0.38,   0.16
  0.00;   0.40;   0.00;   0.00,   0.40,   0.16
  0.00;   0.40;   0.00;   0.00,   0.40,   0.16
  0.00;   0.40;   0.00;   0.00,   0.40,   0.16
  0.00;   0.35;   0.00;   0.00,   0.35,   0.16
  0.00;   0.35;   0.00;   0.00,   0.35,   0.16
  0.00;   0.41;   0.00;   0.00,   0.41,   0.16
  0.00;   0.39;   0.00;   0.00,   0.39,   0.16
  0.00;   0.39;   0.00;   0.00,   0.39,   0.16
  0.00;   0.35;   0.00;   0.00,   0.35,   0.16
  0.00;   0.35;   0.00;   0.00,   0.35,   0.16
  0.00;   0.39;   0.00;   0.00,   0.39,   0.16
  0.00;   0.42;   0.00;   0.00,   0.42,   0.16
  0.00;   0.42;   0.00;   0.00,   0.42,   0.16
  0.00;   0.38;   0.00;   0.00,   0.38,   0.16
  0.00;   0.38;   0.00;   0.00,   0.38,   0.16
  0.00;   0.35;   0.00;   0.00,   0.35,   0.16
  0.00;   0.36;   0.00;   0.00,   0.36,   0.16
  0.00;   0.36;   0.00;   0.00,   0.36,   0.16
  0.00;   0.38;   0.00;   0.00,   0.38,   0.16
  0.00;   0.39;   0.00;   0.00,   0.39,   0.16
  0.00;   0.39;   0.00;   0.00,   0.39,   0.16
  0.00;   0.37;   0.00;   0.00,   0.37,   0.16
  0.00;   0.37;   0.00;   0.00,   0.37,   0.16
  0.00;   0.41;   0.00;   0.00,   0.41,   0.16
  0.00;   0.34;   0.00;   0.00,   0.34,   0.16
  0.00;   0.34;   0.00;   0.00,   0.34,   0.16
  0.00;   0.35;   0.00;   0.00,   0.35,   0.16
  0.00;   0.37;   0.00;   0.00,   0.37,   0.16
  0.00;   0.37;   0.00;   0.00,   0.37,   0.16
  0.00;   0.39;   0.00;   0.00,   0.39,   0.16
  0.00;   0.39;   0.00;   0.00,   0.39,   0.16
  0.00;   0.44;   0.00;   0.00,   0.44,   0.16
  0.00;   0.35;   0.00;   0.00,   0.35,   0.16
  0.00;   0.35;   0.00;   0.00,   0.35,   0.16
  0.00;   0.41;   0.00;   0.00,   0.41,   0.16
  0.00;   0.41;   0.00;   0.00,   0.41,   0.16
  0.00;   0.32;   0.00;   0.00,   0.32,   0.16
  0.00;   0.42;   0.00;   0.00,   0.42,   0.16
  0.00;   0.42;   0.00;   0.00,   0.42,   0.16
  0.00;   0.42;   0.00;   0.00,   0.42,   0.16
  0.00;   0.34;   0.00;   0.00,   0.34,   0.16
  0.00;   0.34;   0.00;   0.00,   0.34,   0.16
  0.00;   0.33;   0.00;   0.00,   0.33,   0.16
  0.00;   0.33;   0.00;   0.00,   0.33,   0.16
  0.00;   0.30;   0.00;   0.00,   0.30,   0.16
  0.00;   0.36;   0.00;   0.00,   0.36,   0.16
  0.00;   0.36;   0.00;   0.00,   0.36,   0.16
  0.00;   0.35;   0.00;   0.00,   0.35,   0.16
  0.00;   0.35;   0.00;   0.00,   0.35,   0.16
  0.00;   0.38;   0.00;   0.00,   0.38,   0.16
  0.00;   0.35;   0.00;   0.00,   0.35,   0.16
  0.00;   0.35;   0.00;   0.00,   0.35,   0.16
  0.00;   0.33;   0.00;   0.00,   0.33,   0.16
  0.00;   0.39;   0.00;   0.00,   0.39,   0.16
  0.00;   0.39;   0.00;   0.00,   0.39,   0.16
  0.00;   0.39;   0.00;   0.00,   0.39,   0.16
  0.00;   0.39;   0.00;   0.00,   0.39,   0.16
  0.00;   0.40;   0.00;   0.00,   0.40,   0.16
  0.00;   0.32;   0.00;   0.00,   0.32,   0.16
  0.00;   0.32;   0.00;   0.00,   0.32,   0.16
  0.00;   0.38;   0.00;   0.00,   0.38,   0.16
  0.00;   0.42;   0.00;   0.00,   0.42,   0.16
  0.00;   0.42;   0.00;   0.00,   0.42,   0.16
  0.00;   0.39;   0.00;   0.00,   0.39,   0.16
  0.00;   0.39;   0.00;   0.00,   0.39,   0.16
  0.00;   0.31;   0.00;   0.00,   0.31,   0.16
  0.00;   0.38;   0.00;   0.00,   0.38,   0.16
  0.00;   0.38;   0.00;   0.00,   0.38,   0.16
  0.00;   0.34;   0.00;   0.00,   0.34,   0.16
  0.00;   0.37;   0.00;   0.00,   0.37,   0.16
  0.00;   0.37;   0.00;   0.00,   0.37,   0.16
  0.00;   0.38;   0.00;   0.00,   0.38,   0.16
  0.00;   0.38;   0.00;   0.00,   0.38,   0.17
  0.00;   0.33;   0.00;   0.00,   0.33,   0.17
  0.00;   0.38;   0.00;   0.00,   0.38,   0.17
  0.00;   0.38;   0.00;   0.00,   0.38,   0.17
  0.00;   0.37;   0.00;   0.00,   0.37,   0.17
  0.00;   0.37;   0.00;   0.00,   0.37,   0.17
  0.00;   0.37;   0.00;   0.00,   0.37,   0.17
  0.00;   0.38;   0.00;   0.00,   0.38,   0.17
  0.00;   0.38;   0.00;   0.00,   0.38,   0.17
  0.00;   0.34;   0.00;   0.00,   0.34,   0.17
  0.00;   0.41;   0.00;   0.00,   0.41,   0.17
  0.00;   0.41;   0.00;   0.00,   0.41,   0.17
  0.00;   0.37;   0.00;   0.00,   0.37,   0.17
  0.00;   0.37;   0.00;   0.00,   0.37,   0.17
  0.00;   0.37;   0.00;   0.00,   0.37,   0.17
  0.00;   0.35;   0.00;   0.00,   0.35,   0.17
  0.00;   0.35;   0.00;   0.00,   0.35,   0.17
  0.00;   0.32;   0.00;   0.00,   0.32,   0.17
  0.00;   0.36;   0.00;   0.00,   0.36,   0.17
  0.00;   0.36;   0.00;   0.00,   0.36,   0.17
  0.00;   0.31;   0.00;   0.00,   0.31,   0.17
  0.00;   0.38;   0.00;   0.00,   0.38,   0.17
  0.00;   0.38;   0.00;   0.00,   0.38,   0.17
  0.00;   0.37;   0.00;   0.00,   0.37,   0.17
  0.00;   0.37;   0.00;   0.00,   0.37,   0.17
  0.00;   0.39;   0.00;   0.00,   0.39,   0.17
  0.00;   0.42;   0.00;   0.00,   0.42,   0.17
  0.00;   0.42;   0.00;   0.00,   0.42,   0.17
  0.00;   0.41;   0.00;   0.00,   0.41,   0.17
  0.00;   0.44;   0.00;   0.00,   0.44,   0.17
  0.00;   0.44;   0.00;   0.00,   0.44,   0.17
  0.00;   0.32;   0.00;   0.00,   0.32,   0.17
  0.00;   0.32;   0.00;   0.00,   0.32,   0.17
  0.00;   0.33;   0.00;   0.00,   0.33,   0.17
  0.00;   0.34;   0.00;   0.00,   0.34,   0.17
  0.00;   0.34;   0.00;   0.00,   0.34,   0.17
  0.00;   0.39;   0.00;   0.00,   0.39,   0.17
  0.00;   0.39;   0.00;   0.00,   0.39,   0.17
  0.00;   0.37;   0.00;   0.00,   0.37,   0.17
  0.00;   0.42;   0.00;   0.00,   0.42,   0.17
  0.00;   0.42;   0.00;   0.00,   0.42,   0.17
  0.00;   0.39;   0.00;   0.00,   0.39,   0.17
  0.00;   0.36;   0.00;   0.00,   0.36,   0.17
  0.00;   0.36;   0.00;   0.00,   0.36,   0.17
  0.00;   0.42;   0.00;   0.00,   0.42,   0.17
  0.00;   0.42;   0.00;   0.00,   0.42,   0.17
  0.00;   0.34;   0.00;   0.00,   0.34,   0.17
  0.00;   0.43;   0.00;   0.00,   0.43,   0.17
  0.00;   0.43;   0.00;   0.00,   0.43,   0.17
  0.00;   0.37;   0.00;   0.00,   0.37,   0.17
  0.00;   0.37;   0.00;   0.00,   0.37,   0.17
  0.00;   0.37;   0.00;   0.00,   0.37,   0.17
  0.00;   0.40;   0.00;   0.00,   0.40,   0.17
  0.00;   0.40;   0.00;   0.00,   0.40,   0.17
  0.00;   0.32;   0.00;   0.00,   0.32,   0.17
  0.00;   0.31;   0.00;   0.00,   0.31,   0.17
  0.00;   0.31;   0.00;   0.00,   0.31,   0.17
  0.00;   0.35;   0.00;   0.00,   0.35,   0.17
  0.00;   0.35;   0.00;   0.00,   0.35,   0.17
  0.00;   0.38;   0.00;   0.00,   0.38,   0.17
  0.00;   0.37;   0.00;   0.00,   0.37,   0.17
  0.00;   0.37;   0.00;   0.00,   0.37,   0.17
  0.00;   0.37;   0.00;   0.00,   0.37,   0.17
  0.00;   0.42;   0.00;   0.00,   0.42,   0.17
  0.00;   0.42;   0.00;   0.00,   0.42,   0.17
  0.00;   0.32;   0.00;   0.00,   0.32,   0.17
  0.00;   0.32;   0.00;   0.00,   0.32,   0.17
  0.00;   0.32;   0.00;   0.00,   0.32,   0.17
  0.00;   0.33;   0.00;   0.00,   0.33,   0.17
  0.00;   0.33;   0.00;   0.00,   0.33,   0.17
  0.00;   0.30;   0.00;   0.00,   0.30,   0.17
  0.00;   0.30;   0.00;   0.00,   0.30,   0.17
  0.00;   0.38;   0.00;   0.00,   0.38,   0.17
  0.00;   0.35;   0.00;   0.00,   0.35,   0.17
  0.00;   0.35;   0.00;   0.00,   0.35,   0.17
  0.00;   0.33;   0.00;   0.00,   0.33,   0.17
  0.00;   0.39;   0.00;   0.00,   0.39,   0.17
  0.00;   0.39;   0.00;   0.00,   0.39,   0.17
  0.00;   0.33;   0.00;   0.00,   0.33,   0.17
  0.00;   0.33;   0.00;   0.00,   0.33,   0.17
  0.00;   0.37;   0.00;   0.00,   0.37,   0.17
  0.00;   0.35;   0.00;   0.00,   0.35,   0.17
  0.00;   0.35;   0.00;   0.00,   0.35,   0.18
  0.00;   0.37;   0.00;   0.00,   0.37,   0.18
  0.00;   0.40;   0.00;   0.00,   0.40,   0.18
  0.00;   0.40;   0.00;   0.00,   0.40,   0.18
  0.00;   0.35;   0.00;   0.00,   0.35,   0.18
  0.00;   0.35;   0.00;   0.00,   0.35,   0.18
  0.00;   0.35;   0.00;   0.00,   0.35,   0.18
  0.00;   0.31;   0.00;   0.00,   0.31,   0.18
  0.00;   0.31;   0.00;   0.00,   0.31,   0.18
  0.00;   0.39;   0.00;   0.00,   0.39,   0.18
  0.00;   0.41;   0.00;   0.00,   0.41,   0.18
  0.00;   0.41;   0.00;   0.00,   0.41,   0.18
  0.00;   0.45;   0.00;   0.00,   0.45,   0.18
  0.00;   0.45;   0.00;   0.00,   0.45,   0.18
  0.00;   0.40;   0.00;   0.00,   0.40,   0.18
  0.00;   0.36;   0.00;   0.00,   0.36,   0.18
  0.00;   0.36;   0.00;   0.00,   0.36,   0.18
  0.00;   0.33;   0.00;   0.00,   0.33,   0.18
  0.00;   0.33;   0.00;   0.00,   0.33,   0.18
  0.00;   0.36;   0.00;   0.00,   0.36,   0.18
  0.00;   0.41;   0.00;   0.00,   0.41,   0.18
  0.00;   0.41;   0.00;   0.00,   0.41,   0.18
  0.00;   0.37;   0.00;   0.00,   0.37,   0.18
  0.00;   0.36;   0.00;   0.00,   0.36,   0.18
  0.00;   0.36;   0.00;   0.00,   0.36,   0.18
  0.00;   0.38;   0.00;   0.00,   0.38,   0.18
  0.00;   0.38;   0.00;   0.00,   0.38,   0.18
  0.00;   0.37;   0.00;   0.00,   0.37,   0.18
  0.00;   0.33;   0.00;   0.00,   0.33,   0.18
  0.00;   0.33;   0.00;   0.00,   0.33,   0.18
  0.00;   0.32;   0.00;   0.00,   0.32,   0.18
  0.00;   0.35;   0.00;   0.00,   0.35,   0.18
  0.00;   0.35;   0.00;   0.00,   0.35,   0.18
  0.00;   0.35;   0.00;   0.00,   0.35,   0.18
  0.00;   0.35;   0.00;   0.00,   0.35,   0.18
  0.00;   0.35;   0.00;   0.00,   0.35,   0.18
  0.00;   0.44;   0.00;   0.00,   0.44,   0.18
  0.00;   0.44;   0.00;   0.00,   0.44,   0.18
  0.00;   0.35;   0.00;   0.00,   0.35,   0.18
  0.00;   0.35;   0.00;   0.00,   0.35,   0.18
  0.00;   0.39;   0.00;   0.00,   0.39,   0.18
  0.00;   0.36;   0.00;   0.00,   0.36,   0.18
  0.00;   0.36;   0.00;   0.00,   0.36,   0.18
  0.00;   0.35;   0.00;   0.00,   0.35,   0.18
  0.00;   0.39;   0.00;   0.00,   0.39,   0.18
  0.00;   0.39;   0.00;   0.00,   0.39,   0.18
  0.00;   0.35;   0.00;   0.00,   0.35,   0.18
  0.00;   0.35;   0.00;   0.00,   0.35,   0.18
  0.00;   0.36;   0.00;   0.00,   0.36,   0.18
  0.00;   0.41;   0.00;   0.00,   0.41,   0.18
  0.00;   0.41;   0.00;   0.00,   0.41,   0.18
  0.00;   0.39;   0.00;   0.00,   0.39,   0.18
  0.00;   0.39;   0.00;   0.00,   0.39,   0.18
  0.00;   0.39;   0.00;   0.00,   0.39,   0.18
  0.00;   0.36;   0.00;   0.00,   0.36,   0.18
  0.00;   0.36;   0.00;   0.00,   0.36,   0.18
  0.00;   0.36;   0.00;   0.00,   0.36,   0.18
  0.00;   0.31;   0.00;   0.00,   0.31,   0.18
  0.00;   0.31;   0.00;   0.00,   0.31,   0.18
  0.00;   0.33;   0.00;   0.00,   0.33,   0.18
  0.00;   0.33;   0.00;   0.00,   0.33,   0.18
  0.00;   0.32;   0.00;   0.00,   0.32,   0.18
  0.00;   0.40;   0.00;   0.00,   0.40,   0.18
  0.00;   0.40;   0.00;   0.00,   0.40,   0.18
  0.00;   0.36;   0.00;   0.00,   0.36,   0.18
  0.00;   0.39;   0.00;   0.00,   0.39,   0.18
  0.00;   0.39;   0.00;   0.00,   0.39,   0.18
  0.00;   0.35;   0.00;   0.00,   0.35,   0.18
  0.00;   0.35;   0.00;   0.00,   0.35,   0.18
  0.00;   0.37;   0.00;   0.00,   0.37,   0.18
  0.00;   0.32;   0.00;   0.00,   0.32,   0.18
  0.00;   0.32;   0.00;   0.00,   0.32,   0.18
  0.00;   0.38;   0.00;   0.00,   0.38,   0.18
  0.00;   0.43;   0.00;   0.00,   0.43,   0.18
  0.00;   0.43;   0.00;   0.00,   0.43,   0.18
  0.00;   0.39;   0.00;   0.00,   0.39,   0.18
  0.00;   0.39;   0.00;   0.00,   0.39,   0.18
  0.00;   0.35;   0.00;   0.00,   0.35,   0.18
  0.00;   0.35;   0.00;   0.00,   0.35,   0.18
  0.00;   0.35;   0.00;   0.00,   0.35,   0.18
  0.00;   0.40;   0.00;   0.00,   0.40,   0.18
  0.00;   0.40;   0.00;   0.00,   0.40,   0.18
  0.00;   0.37;   0.00;   0.00,   0.37,   0.19
  0.00;   0.39;   0.00;   0.00,   0.39,   0.19
  0.00;   0.39;   0.00;   0.00,   0.39,   0.19
  0.00;   0.41;   0.00;   0.00,   0.41,   0.19
  0.00;   0.37;   0.00;   0.00,   0.37,   0.19
  0.00;   0.37;   0.00;   0.00,   0.37,   0.19
  0.00;   0.40;   0.00;   0.00,   0.40,   0.19
  0.00;   0.40;   0.00;   0.00,   0.40,   0.19
  0.00;   0.35;   0.00;   0.00,   0.35,   0.19
  0.00;   0.35;   0.00;   0.00,   0.35,   0.19
  0.00;   0.35;   0.00;   0.00,   0.35,   0.19
  0.00;   0.39;   0.00;   0.00,   0.39,   0.19
  0.00;   0.39;   0.00;   0.00,   0.39,   0.19
  0.00;   0.42;   0.00;   0.00,   0.42,   0.19
  0.00;   0.36;   0.00;   0.00,   0.36,   0.19
  0.00;   0.36;   0.00;   0.00,   0.36,   0.19
  0.00;   0.41;   0.00;   0.00,   0.41,   0.19
  0.00;   0.36;   0.00;   0.00,   0.36,   0.19
  0.00;   0.36;   0.00;   0.00,   0.36,   0.19
  0.00;   0.36;   0.00;   0.00,   0.36,   0.19
  0.00;   0.36;   0.00;   0.00,   0.36,   0.19
  0.00;   0.33;   0.00;   0.00,   0.33,   0.19
  0.00;   0.32;   0.00;   0.00,   0.32,   0.19
  0.00;   0.32;   0.00;   0.00,   0.32,   0.19
  0.00;   0.37;   0.00;   0.00,   0.37,   0.19
  0.00;   0.39;   0.00;   0.00,   0.39,   0.19
  0.00;   0.39;   0.00;   0.00,   0.39,   0.19
  0.00;   0.33;   0.00;   0.00,   0.33,   0.19
  0.00;   0.33;   0.00;   0.00,   0.33,   0.19
  0.00;   0.36;   0.00;   0.00,   0.36,   0.19
  0.00;   0.33;   0.00;   0.00,   0.33,   0.19
  0.00;   0.33;   0.00;   0.00,   0.33,   0.19
  0.00;   0.40;   0.00;   0.00,   0.40,   0.19
  0.00;   0.37;   0.00;   0.00,   0.37,   0.19
  0.00;   0.37;   0.00;   0.00,   0.37,   0.19
  0.00;   0.37;   0.00;   0.00,   0.37,   0.19
  0.00;   0.37;   0.00;   0.00,   0.37,   0.19
  0.00;   0.35;   0.00;   0.00,   0.35,   0.19
  0.00;   0.38;   0.00;   0.00,   0.38,   0.19
  0.00;   0.38;   0.00;   0.00,   0.38,   0.19
  0.00;   0.36;   0.00;   0.00,   0.36,   0.19
  0.00;   0.36;   0.00;   0.00,   0.36,   0.19
  0.00;   0.36;   0.00;   0.00,   0.36,   0.19
  0.00;   0.36;   0.00;   0.00,   0.36,   0.19
  0.00;   0.36;   0.00;   0.00,   0.36,   0.19
  0.00;   0.37;   0.00;   0.00,   0.37,   0.19
  0.00;   0.34;   0.00;   0.00,   0.34,   0.19
  0.00;   0.34;   0.00;   0.00,   0.34,   0.19
  0.00;   0.39;   0.00;   0.00,   0.39,   0.19
  0.00;   0.39;   0.00;   0.00,   0.39,   0.19
  0.00;   0.38;   0.00;   0.00,   0.38,   0.19
  0.00;   0.36;   0.00;   0.00,   0.36,   0.19
  0.00;   0.36;   0.00;   0.00,   0.36,   0.19
  0.00;   0.40;   0.00;   0.00,   0.40,   0.19
  0.00;   0.34;   0.00;   0.00,   0.34,   0.19
  0.00;   0.34;   0.00;   0.00,   0.34,   0.19
  0.00;   0.38;   0.00;   0.00,   0.38,   0.19
  0.00;   0.38;   0.00;   0.00,   0.38,   0.19
  0.00;   0.36;   0.00;   0.00,   0.36,   0.19
  0.00;   0.36;   0.00;   0.00,   0.36,   0.19
  0.00;   0.36;   0.00;   0.00,   0.36,   0.19
  0.00;   0.38;   0.00;   0.00,   0.38,   0.19
  0.00;   0.38;   0.00;   0.00,   0.38,   0.19
  0.00;   0.37;   0.00;   0.00,   0.37,   0.19
  0.00;   0.34;   0.00;   0.00,   0.34,   0.19
  0.00;   0.34;   0.00;   0.00,   0.34,   0.19
  0.00;   0.37;   0.00;   0.00,   0.37,   0.19
  0.00;   0.33;   0.00;   0.00,   0.33,   0.19
  0.00;   0.33;   0.00;   0.00,   0.33,   0.19
  0.00;   0.40;   0.00;   0.00,   0.40,   0.19
  0.00;   0.40;   0.00;   0.00,   0.40,   0.19
  0.00;   0.34;   0.00;   0.00,   0.34,   0.19
  0.00;   0.34;   0.00;   0.00,   0.34,   0.19
  0.00;   0.34;   0.00;   0.00,   0.34,   0.19
  0.00;   0.41;   0.00;   0.00,   0.41,   0.19
  0.00;   0.41;   0.00;   0.00,   0.41,   0.19
  0.00;   0.39;   0.00;   0.00,   0.39,   0.19
  0.00;   0.35;   0.00;   0.00,   0.35,   0.19
  0.00;   0.35;   0.00;   0.00,   0.35,   0.19
  0.00;   0.32;   0.00;   0.00,   0.32,   0.20
  0.00;   0.38;   0.00;   0.00,   0.38,   0.20
  0.00;   0.38;   0.00;   0.00,   0.38,   0.20
  0.00;   0.39;   0.00;   0.00,   0.39,   0.20
  0.00;   0.39;   0.00;   0.00,   0.39,   0.20
  0.00;   0.34;   0.00;   0.00,   0.34,   0.20
  0.00;   0.34;   0.00;   0.00,   0.34,   0.20
  0.00;   0.38;   0.00;   0.00,   0.38,   0.20
  0.00;   0.36;   0.00;   0.00,   0.36,   0.20
  0.00;   0.36;   0.00;   0.00,   0.36,   0.20
  0.00;   0.39;   0.00;   0.00,   0.39,   0.20
  0.00;   0.39;   0.00;   0.00,   0.39,   0.20
  0.00;   0.38;   0.00;   0.00,   0.38,   0.20
  0.00;   0.44;   0.00;   0.00,   0.44,   0.20
  0.00;   0.44;   0.00;   0.00,   0.44,   0.20
  0.00;   0.37;   0.00;   0.00,   0.37,   0.20
  0.00;   0.41;   0.00;   0.00,   0.41,   0.20
  0.00;   0.41;   0.00;   0.00,   0.41,   0.20
  0.00;   0.39;   0.00;   0.00,   0.39,   0.20
  0.00;   0.39;   0.00;   0.00,   0.39,   0.20
  0.00;   0.39;   0.00;   0.00,   0.39,   0.20
  0.00;   0.40;   0.00;   0.00,   0.40,   0.20
  0.00;   0.40;   0.00;   0.00,   0.40,   0.20
  0.00;   0.38;   0.00;   0.00,   0.38,   0.20
  0.00;   0.38;   0.00;   0.00,   0.38,   0.20
  0.00;   0.33;   0.00;   0.00,   0.33,   0.20
  0.00;   0.39;   0.00;   0.00,   0.39,   0.20
  0.00;   0.39;   0.00;   0.00,   0.39,   0.20
  0.00;   0.34;   0.00;   0.00,   0.34,   0.20
  0.00;   0.34;   0.00;   0.00,   0.34,   0.20
  0.00;   0.34;   0.00;   0.00,   0.34,   0.20
  0.00;   0.34;   0.00;   0.00,   0.34,   0.20
  0.00;   0.34;   0.00;   0.00,   0.34,   0.20
  0.00;   0.37;   0.00;   0.00,   0.37,   0.20
  0.00;   0.32;   0.00;   0.00,   0.32,   0.20
  0.00;   0.32;   0.00;   0.00,   0.32,   0.20
  0.00;   0.31;   0.00;   0.00,   0.31,   0.20
  0.00;   0.38;   0.00;   0.00,   0.38,   0.20
  0.00;   0.38;   0.00;   0.00,   0.38,   0.20
  0.00;   0.40;   0.00;   0.00,   0.40,   0.20
  0.00;   0.40;   0.00;   0.00,   0.40,   0.20
  0.00;   0.36;   0.00;   0.00,   0.36,   0.20
  0.00;   0.40;   0.00;   0.00,   0.40,   0.20
  0.00;   0.40;   0.00;   0.00,   0.40,   0.20
  0.00;   0.35;   0.00;   0.00,   0.35,   0.20
  0.00;   0.38;   0.00;   0.00,   0.38,   0.20
  0.00;   0.38;   0.00;   0.00,   0.38,   0.20
  0.00;   0.33;   0.00;   0.00,   0.33,   0.20
  0.00;   0.33;   0.00;   0.00,   0.33,   0.20
  0.00;   0.34;   0.00;   0.00,   0.34,   0.20
  0.00;   0.30;   0.00;   0.00,   0.30,   0.20
  0.00;   0.30;   0.00;   0.00,   0.30,   0.20
  0.00;   0.36;   0.00;   0.00,   0.36,   0.20
  0.00;   0.36;   0.00;   0.00,   0.36,   0.20
  0.00;   0.39;   0.00;   0.00,   0.39,   0.20
  0.00;   0.40;   0.00;   0.00,   0.40,   0.20
  0.00;   0.40;   0.00;   0.00,   0.40,   0.20
  0.00;   0.38;   0.00;   0.00,   0.38,   0.20
  0.00;   0.36;   0.00;   0.00,   0.36,   0.20
  0.00;   0.36;   0.00;   0.00,   0.36,   0.20
  0.00;   0.36;   0.00;   0.00,   0.36,   0.20
  0.00;   0.36;   0.00;   0.00,   0.36,   0.20
  0.00;   0.36;   0.00;   0.00,   0.36,   0.20
  0.00;   0.42;   0.00;   0.00,   0.42,   0.20
  0.00;   0.42;   0.00;   0.00,   0.42,   0.20
  0.00;   0.45;   0.00;   0.00,   0.45,   0.20
  0.00;   0.41;   0.00;   0.00,   0.41,   0.20
  0.00;   0.41;   0.00;   0.00,   0.41,   0.20
  0.00;   0.40;   0.00;   0.00,   0.40,   0.20
  0.00;   0.40;   0.00;   0.00,   0.40,   0.20
  0.00;   0.38;   0.00;   0.00,   0.38,   0.20
  0.00;   0.36;   0.00;   0.00,   0.36,   0.20
  0.00;   0.36;   0.00;   0.00,   0.36,   0.20
  0.00;   0.40;   0.00;   0.00,   0.40,   0.21
  0.00;   0.40;   0.00;   0.00,   0.40,   0.21
  0.00;   0.42;   0.00;   0.00,   0.42,   0.21
  0.00;   0.42;   0.00;   0.00,   0.42,   0.21
  0.00;   0.42;   0.00;   0.00,   0.42,   0.21
  0.00;   0.36;   0.00;   0.00,   0.36,   0.21
  0.00;   0.34;   0.00;   0.00,   0.34,   0.21
  0.00;   0.34;   0.00;   0.00,   0.34,   0.21
  0.00;   0.42;   0.00;   0.00,   0.42,   0.21
  0.00;   0.42;   0.00;   0.00,   0.42,   0.21
  0.00;   0.37;   0.00;   0.00,   0.37,   0.21
  0.00;   0.38;   0.00;   0.00,   0.38,   0.21
  0.00;   0.38;   0.00;   0.00,   0.38,   0.21
  0.00;   0.44;   0.00;   0.00,   0.44,   0.21
  0.00;   0.44;   0.00;   0.00,   0.44,   0.21
  0.00;   0.32;   0.00;   0.00,   0.32,   0.21
  0.00;   0.32;   0.00;   0.00,   0.32,   0.21
  0.00;   0.32;   0.00;   0.00,   0.32,   0.21
  0.00;   0.39;   0.00;   0.00,   0.39,   0.21
