TL,TR, BL, BR, TotalWeight, time 
  0.00;   0.00;   0.00;   0.00,   0.00,   0.04
  0.00;   0.00;   0.00;   0.00,   0.00,   0.04
  0.00;   0.00;   0.00;   0.00,   0.00,   0.04
  0.00;   0.00;   0.00;   0.00,   0.00,   0.04
  0.00;   0.00;   0.00;   0.00,   0.00,   0.04
  0.00;   0.00;   0.00;   0.00,   0.00,   0.04
  0.00;   0.00;   0.00;   0.00,   0.00,   0.04
  0.00;   0.00;   0.00;   0.00,   0.00,   0.04
  0.00;   0.00;   0.00;   0.00,   0.00,   0.04
  0.00;   0.00;   0.00;   0.00,   0.00,   0.04
  0.00;   0.00;   0.00;   0.00,   0.00,   0.04
  0.00;   0.00;   0.00;   0.00,   0.00,   0.04
  0.00;   0.00;   0.00;   0.00,   0.00,   0.04
  0.00;   0.00;   0.00;   0.00,   0.00,   0.04
  0.00;   0.00;   0.00;   0.00,   0.00,   0.04
  0.00;   0.00;   0.00;   0.00,   0.00,   0.04
  0.00;   0.00;   0.00;   0.00,   0.00,   0.04
  0.00;   0.00;   0.00;   0.00,   0.00,   0.04
  0.00;   0.00;   0.00;   0.00,   0.00,   0.04
  0.00;   0.00;   0.00;   0.00,   0.00,   0.04
  0.00;   0.00;   0.00;   0.00,   0.00,   0.04
  0.00;   0.00;   0.00;   0.00,   0.00,   0.04
  0.00;   0.00;   0.00;   0.00,   0.00,   0.04
  0.00;   0.00;   0.00;   0.00,   0.00,   0.04
  0.00;   0.00;   0.00;   0.00,   0.00,   0.04
  0.00;   0.00;   0.00;   0.00,   0.00,   0.04
  0.00;   0.00;   0.00;   0.00,   0.00,   0.04
  0.00;   0.00;   0.00;   0.00,   0.00,   0.04
  0.00;   0.00;   0.00;   0.00,   0.00,   0.04
  0.00;   0.00;   0.00;   0.00,   0.00,   0.04
  0.00;   0.00;   0.00;   0.00,   0.00,   0.04
  0.00;   0.00;   0.00;   0.00,   0.00,   0.04
  0.00;   0.00;   0.00;   0.00,   0.00,   0.04
  0.00;   0.00;   0.00;   0.00,   0.00,   0.04
  0.00;   0.00;   0.00;   0.00,   0.00,   0.04
  0.00;   0.00;   0.00;   0.00,   0.00,   0.04
  0.00;   0.00;   0.00;   0.00,   0.00,   0.04
  0.00;   0.00;   0.00;   0.00,   0.00,   0.04
  0.00;   0.00;   0.00;   0.00,   0.00,   0.04
  0.00;   0.00;   0.00;   0.00,   0.00,   0.04
  0.00;   0.00;   0.00;   0.00,   0.00,   0.04
  0.00;   0.00;   0.00;   0.00,   0.00,   0.04
  0.00;   0.00;   0.00;   0.00,   0.00,   0.04
  0.00;   0.00;   0.00;   0.00,   0.00,   0.04
  0.00;   0.00;   0.00;   0.00,   0.00,   0.04
  0.00;   0.00;   0.00;   0.00,   0.00,   0.04
  0.00;   0.00;   0.00;   0.00,   0.00,   0.04
  0.00;   0.00;   0.00;   0.00,   0.00,   0.04
  0.00;   0.00;   0.00;   0.00,   0.00,   0.04
  0.00;   0.00;   0.00;   0.00,   0.00,   0.04
  0.00;   0.00;   0.00;   0.00,   0.00,   0.04
  0.00;   0.00;   0.00;   0.00,   0.00,   0.04
  0.00;   0.00;   0.00;   0.00,   0.00,   0.04
  0.00;   0.00;   0.00;   0.00,   0.00,   0.04
  0.00;   0.00;   0.00;   0.00,   0.00,   0.04
  0.00;   0.00;   0.00;   0.00,   0.00,   0.04
  0.00;   0.00;   0.00;   0.00,   0.00,   0.04
  0.00;   0.00;   0.00;   0.00,   0.00,   0.04
  0.00;   0.00;   0.00;   0.00,   0.00,   0.04
  0.00;   0.00;   0.00;   0.00,   0.00,   0.04
  0.00;   0.00;   0.00;   0.00,   0.00,   0.04
  0.00;   0.00;   0.00;   0.00,   0.00,   0.04
  0.00;   0.00;   0.00;   0.00,   0.00,   0.04
  0.00;   0.00;   0.00;   0.00,   0.00,   0.04
  0.00;   0.00;   0.00;   0.00,   0.00,   0.04
  0.00;   0.00;   0.00;   0.00,   0.00,   0.04
  0.00;   0.00;   0.00;   0.00,   0.00,   0.04
  0.00;   0.00;   0.00;   0.00,   0.00,   0.04
  0.00;   0.00;   0.00;   0.00,   0.00,   0.04
  0.00;   0.00;   0.00;   0.00,   0.00,   0.04
  0.00;   0.00;   0.00;   0.00,   0.00,   0.04
  0.00;   0.00;   0.00;   0.00,   0.00,   0.04
  0.00;   0.00;   0.00;   0.00,   0.00,   0.04
  0.00;   0.00;   0.00;   0.00,   0.00,   0.04
  0.00;   0.00;   0.00;   0.00,   0.00,   0.04
  0.00;   0.00;   0.00;   0.00,   0.00,   0.04
  0.00;   0.00;   0.00;   0.00,   0.00,   0.04
  0.00;   0.00;   0.00;   0.00,   0.00,   0.04
  0.00;   0.00;   0.00;   0.00,   0.00,   0.04
  0.00;   0.00;   0.00;   0.00,   0.00,   0.04
  0.00;   0.00;   0.00;   0.00,   0.00,   0.04
  0.00;   0.00;   0.00;   0.00,   0.00,   0.04
  0.00;   0.00;   0.00;   0.00,   0.00,   0.04
  0.00;   0.00;   0.00;   0.00,   0.00,   0.04
  0.00;   0.00;   0.00;   0.00,   0.00,   0.04
  0.00;   0.00;   0.00;   0.00,   0.00,   0.04
  0.00;   0.00;   0.00;   0.00,   0.00,   0.04
  0.00;   0.00;   0.00;   0.00,   0.00,   0.04
  0.00;   0.00;   0.00;   0.00,   0.00,   0.04
  0.00;   0.00;   0.00;   0.00,   0.00,   0.04
  0.00;   0.00;   0.00;   0.00,   0.00,   0.04
  0.00;   0.00;   0.00;   0.00,   0.00,   0.04
  0.00;   0.00;   0.00;   0.00,   0.00,   0.04
  0.00;   0.00;   0.00;   0.00,   0.00,   0.04
  0.00;   0.00;   0.00;   0.00,   0.00,   0.04
  0.00;   0.00;   0.00;   0.00,   0.00,   0.04
  0.00;   0.00;   0.00;   0.00,   0.00,   0.04
  0.00;   0.00;   0.00;   0.00,   0.00,   0.04
  0.00;   0.00;   0.00;   0.00,   0.00,   0.04
  0.00;   0.00;   0.00;   0.00,   0.00,   0.04
  0.00;   0.00;   0.00;   0.00,   0.00,   0.04
  0.00;   0.00;   0.00;   0.00,   0.00,   0.04
  0.00;   0.00;   0.00;   0.00,   0.00,   0.04
  0.00;   0.00;   0.00;   0.00,   0.00,   0.04
  0.00;   0.00;   0.00;   0.00,   0.00,   0.04
  0.00;   0.00;   0.00;   0.00,   0.00,   0.04
  0.00;   0.00;   0.00;   0.00,   0.00,   0.04
  0.00;   0.00;   0.00;   0.00,   0.00,   0.04
  0.00;   0.00;   0.00;   0.00,   0.00,   0.04
  0.00;   0.00;   0.00;   0.00,   0.00,   0.04
  0.00;   0.00;   0.00;   0.00,   0.00,   0.04
  0.00;   0.00;   0.00;   0.00,   0.00,   0.04
  0.00;   0.00;   0.00;   0.00,   0.00,   0.04
  0.00;   0.00;   0.00;   0.00,   0.00,   0.04
  0.00;   0.00;   0.00;   0.00,   0.00,   0.04
  0.00;   0.00;   0.00;   0.00,   0.00,   0.04
  0.00;   0.00;   0.00;   0.00,   0.00,   0.04
  0.00;   0.00;   0.00;   0.00,   0.00,   0.04
  0.00;   0.00;   0.00;   0.00,   0.00,   0.04
  0.00;   0.00;   0.00;   0.00,   0.00,   0.04
  0.00;   0.00;   0.00;   0.00,   0.00,   0.04
  0.00;   0.00;   0.00;   0.00,   0.00,   0.04
  0.00;   0.00;   0.00;   0.00,   0.00,   0.04
  0.00;   0.00;   0.00;   0.00,   0.00,   0.04
  0.00;   0.00;   0.00;   0.00,   0.00,   0.04
  0.00;   0.00;   0.00;   0.00,   0.00,   0.04
  0.00;   0.00;   0.00;   0.00,   0.00,   0.04
  0.00;   0.00;   0.00;   0.00,   0.00,   0.04
  0.00;   0.00;   0.00;   0.00,   0.00,   0.04
  0.00;   0.00;   0.00;   0.00,   0.00,   0.04
  0.00;   0.00;   0.00;   0.00,   0.00,   0.04
  0.00;   0.00;   0.00;   0.00,   0.00,   0.04
  0.00;   0.00;   0.00;   0.00,   0.00,   0.04
  0.00;   0.00;   0.00;   0.00,   0.00,   0.04
  0.00;   0.00;   0.00;   0.00,   0.00,   0.04
  0.00;   0.00;   0.00;   0.00,   0.00,   0.04
  0.00;   0.00;   0.00;   0.00,   0.00,   0.04
  0.00;   0.00;   0.00;   0.00,   0.00,   0.04
  0.00;   0.00;   0.00;   0.00,   0.00,   0.04
  0.00;   0.00;   0.00;   0.00,   0.00,   0.04
  0.00;   0.00;   0.00;   0.00,   0.00,   0.05
  0.00;   0.00;   0.00;   0.00,   0.00,   0.05
  0.00;   0.00;   0.00;   0.00,   0.00,   0.05
  0.00;   0.00;   0.00;   0.00,   0.00,   0.05
  0.00;   0.00;   0.00;   0.00,   0.00,   0.05
  0.00;   0.00;   0.00;   0.00,   0.00,   0.05
  0.00;   0.00;   0.00;   0.00,   0.00,   0.05
  0.00;   0.00;   0.00;   0.00,   0.00,   0.05
  0.00;   0.00;   0.00;   0.00,   0.00,   0.05
  0.00;   0.00;   0.00;   0.00,   0.00,   0.05
  0.00;   0.00;   0.00;   0.00,   0.00,   0.05
  0.00;   0.00;   0.00;   0.00,   0.00,   0.05
  0.00;   0.00;   0.00;   0.00,   0.00,   0.05
  0.00;   0.00;   0.00;   0.00,   0.00,   0.05
  0.00;   0.00;   0.00;   0.00,   0.00,   0.05
  0.00;   0.00;   0.00;   0.00,   0.00,   0.05
  0.00;   0.00;   0.00;   0.00,   0.00,   0.05
  0.00;   0.00;   0.00;   0.00,   0.00,   0.05
  0.00;   0.00;   0.00;   0.00,   0.00,   0.05
  0.00;   0.00;   0.00;   0.00,   0.00,   0.05
  0.00;   0.00;   0.00;   0.00,   0.00,   0.05
  0.00;   0.00;   0.00;   0.00,   0.00,   0.05
  0.00;   0.00;   0.00;   0.00,   0.00,   0.05
  0.00;   0.00;   0.00;   0.00,   0.00,   0.05
  0.00;   0.00;   0.00;   0.00,   0.00,   0.05
  0.00;   0.00;   0.00;   0.00,   0.00,   0.05
  0.00;   0.00;   0.00;   0.00,   0.00,   0.05
  0.00;   0.00;   0.00;   0.00,   0.00,   0.05
  0.00;   0.00;   0.00;   0.00,   0.00,   0.05
  0.00;   0.00;   0.00;   0.00,   0.00,   0.05
  0.00;   0.00;   0.00;   0.00,   0.00,   0.05
  0.00;   0.00;   0.00;   0.00,   0.00,   0.05
  0.00;   0.00;   0.00;   0.00,   0.00,   0.05
  0.00;   0.00;   0.00;   0.00,   0.00,   0.05
  0.00;   0.00;   0.00;   0.00,   0.00,   0.05
  0.00;   0.00;   0.00;   0.00,   0.00,   0.05
  0.00;   0.00;   0.00;   0.00,   0.00,   0.05
  0.00;   0.00;   0.00;   0.00,   0.00,   0.05
  0.00;   0.00;   0.00;   0.00,   0.00,   0.05
  0.00;   0.00;   0.00;   0.00,   0.00,   0.05
  0.00;   0.00;   0.00;   0.00,   0.00,   0.05
  0.00;   0.00;   0.00;   0.00,   0.00,   0.05
  0.00;   0.00;   0.00;   0.00,   0.00,   0.05
  0.00;   0.00;   0.00;   0.00,   0.00,   0.05
  0.00;   0.00;   0.00;   0.00,   0.00,   0.05
  0.00;   0.00;   0.00;   0.00,   0.00,   0.05
  0.00;   0.00;   0.00;   0.00,   0.00,   0.05
  0.00;   0.00;   0.00;   0.00,   0.00,   0.05
  0.00;   0.00;   0.00;   0.00,   0.00,   0.05
  0.00;   0.00;   0.00;   0.00,   0.00,   0.05
  0.00;   0.00;   0.00;   0.00,   0.00,   0.05
  0.00;   0.00;   0.00;   0.00,   0.00,   0.05
  0.00;   0.00;   0.00;   0.00,   0.00,   0.05
  0.00;   0.00;   0.00;   0.00,   0.00,   0.05
  0.00;   0.00;   0.00;   0.00,   0.00,   0.05
  0.00;   0.00;   0.00;   0.00,   0.00,   0.05
  0.00;   0.00;   0.00;   0.00,   0.00,   0.05
  0.00;   0.00;   0.00;   0.00,   0.00,   0.05
  0.00;   0.00;   0.00;   0.00,   0.00,   0.05
  0.00;   0.00;   0.00;   0.00,   0.00,   0.05
  0.00;   0.00;   0.00;   0.00,   0.00,   0.05
  0.00;   0.00;   0.00;   0.00,   0.00,   0.05
  0.00;   0.00;   0.00;   0.00,   0.00,   0.05
  0.00;   0.00;   0.00;   0.00,   0.00,   0.05
  0.00;   0.00;   0.00;   0.00,   0.00,   0.05
  0.00;   0.00;   0.00;   0.00,   0.00,   0.05
  0.00;   0.00;   0.00;   0.00,   0.00,   0.05
  0.00;   0.00;   0.00;   0.00,   0.00,   0.05
  0.00;   0.00;   0.00;   0.00,   0.00,   0.05
  0.00;   0.00;   0.00;   0.00,   0.00,   0.05
  0.00;   0.00;   0.00;   0.00,   0.00,   0.05
  0.00;   0.00;   0.00;   0.00,   0.00,   0.05
  0.00;   0.00;   0.00;   0.00,   0.00,   0.05
  0.00;   0.00;   0.00;   0.00,   0.00,   0.05
  0.00;   0.00;   0.00;   0.00,   0.00,   0.05
  0.00;   0.00;   0.00;   0.00,   0.00,   0.05
  0.00;   0.00;   0.00;   0.00,   0.00,   0.05
  0.00;   0.00;   0.00;   0.00,   0.00,   0.05
  0.00;   0.00;   0.00;   0.00,   0.00,   0.05
  0.00;   0.00;   0.00;   0.00,   0.00,   0.05
  0.00;   0.00;   0.00;   0.00,   0.00,   0.05
  0.00;   0.00;   0.00;   0.00,   0.00,   0.05
  0.00;   0.00;   0.00;   0.00,   0.00,   0.05
  0.00;   0.00;   0.00;   0.00,   0.00,   0.05
  0.00;   0.00;   0.00;   0.00,   0.00,   0.05
  0.00;   0.00;   0.00;   0.00,   0.00,   0.05
  0.00;   0.00;   0.00;   0.00,   0.00,   0.06
  0.00;   0.00;   0.00;   0.00,   0.00,   0.06
  0.00;   0.00;   0.00;   0.00,   0.00,   0.06
  0.00;   0.00;   0.00;   0.00,   0.00,   0.06
  0.00;   0.00;   0.00;   0.00,   0.00,   0.06
  0.00;   0.00;   0.00;   0.00,   0.00,   0.06
  0.00;   0.00;   0.00;   0.00,   0.00,   0.06
  0.00;   0.00;   0.00;   0.00,   0.00,   0.06
  0.00;   0.00;   0.00;   0.00,   0.00,   0.06
  0.00;   0.00;   0.00;   0.00,   0.00,   0.06
  0.00;   0.00;   0.00;   0.00,   0.00,   0.06
  0.00;   0.00;   0.00;   0.00,   0.00,   0.06
  0.00;   0.00;   0.00;   0.00,   0.00,   0.06
  0.00;   0.00;   0.00;   0.00,   0.00,   0.06
  0.00;   0.00;   0.00;   0.00,   0.00,   0.06
  0.00;   0.00;   0.00;   0.00,   0.00,   0.06
  0.00;   0.00;   0.00;   0.00,   0.00,   0.06
  0.00;   0.00;   0.00;   0.00,   0.00,   0.06
  0.00;   0.00;   0.00;   0.00,   0.00,   0.06
  0.00;   0.00;   0.00;   0.00,   0.00,   0.06
  0.00;   0.00;   0.00;   0.00,   0.00,   0.06
  0.00;   0.00;   0.00;   0.00,   0.00,   0.06
  0.00;   0.00;   0.00;   0.00,   0.00,   0.06
  0.00;   0.00;   0.00;   0.00,   0.00,   0.06
  0.00;   0.00;   0.00;   0.00,   0.00,   0.06
  0.00;   0.00;   0.00;   0.00,   0.00,   0.06
  0.00;   0.00;   0.00;   0.00,   0.00,   0.06
  0.00;   0.00;   0.00;   0.00,   0.00,   0.06
  0.00;   0.00;   0.00;   0.00,   0.00,   0.06
  0.00;   0.00;   0.00;   0.00,   0.00,   0.06
  0.00;   0.00;   0.00;   0.00,   0.00,   0.06
  0.00;   0.00;   0.00;   0.00,   0.00,   0.06
  0.00;   0.00;   0.00;   0.00,   0.00,   0.06
  0.00;   0.00;   0.00;   0.00,   0.00,   0.06
  0.00;   0.00;   0.00;   0.00,   0.00,   0.06
  0.00;   0.00;   0.00;   0.00,   0.00,   0.06
  0.00;   0.00;   0.00;   0.00,   0.00,   0.06
  0.00;   0.00;   0.00;   0.00,   0.00,   0.06
  0.00;   0.00;   0.00;   0.00,   0.00,   0.06
  0.00;   0.00;   0.00;   0.00,   0.00,   0.06
  0.00;   0.00;   0.00;   0.00,   0.00,   0.06
  0.00;   0.00;   0.00;   0.00,   0.00,   0.06
  0.00;   0.00;   0.00;   0.00,   0.00,   0.06
  0.00;   0.00;   0.00;   0.00,   0.00,   0.06
  0.00;   0.00;   0.00;   0.00,   0.00,   0.06
  0.00;   0.00;   0.00;   0.00,   0.00,   0.06
  0.00;   0.00;   0.00;   0.00,   0.00,   0.06
  0.00;   0.00;   0.00;   0.00,   0.00,   0.06
  0.00;   0.00;   0.00;   0.00,   0.00,   0.06
  0.00;   0.00;   0.00;   0.00,   0.00,   0.06
  0.00;   0.00;   0.00;   0.00,   0.00,   0.06
  0.00;   0.00;   0.00;   0.00,   0.00,   0.06
  0.00;   0.00;   0.00;   0.00,   0.00,   0.06
  0.00;   0.00;   0.00;   0.00,   0.00,   0.06
  0.00;   0.00;   0.00;   0.00,   0.00,   0.06
  0.00;   0.00;   0.00;   0.00,   0.00,   0.06
  0.00;   0.00;   0.00;   0.00,   0.00,   0.06
  0.00;   0.00;   0.00;   0.00,   0.00,   0.06
  0.00;   0.00;   0.00;   0.00,   0.00,   0.06
  0.00;   0.00;   0.00;   0.00,   0.00,   0.06
  0.00;   0.00;   0.00;   0.00,   0.00,   0.06
  0.00;   0.00;   0.00;   0.00,   0.00,   0.06
  0.00;   0.00;   0.00;   0.00,   0.00,   0.06
  0.00;   0.00;   0.00;   0.00,   0.00,   0.06
  0.00;   0.00;   0.00;   0.00,   0.00,   0.06
  0.00;   0.00;   0.00;   0.00,   0.00,   0.06
  0.00;   0.00;   0.00;   0.00,   0.00,   0.06
  0.00;   0.00;   0.00;   0.00,   0.00,   0.06
  0.00;   0.00;   0.00;   0.00,   0.00,   0.06
  0.00;   0.00;   0.00;   0.00,   0.00,   0.06
  0.00;   0.00;   0.00;   0.00,   0.00,   0.06
  0.00;   0.00;   0.00;   0.00,   0.00,   0.06
  0.00;   0.00;   0.00;   0.00,   0.00,   0.06
  0.00;   0.00;   0.00;   0.00,   0.00,   0.06
  0.00;   0.00;   0.00;   0.00,   0.00,   0.06
  0.00;   0.00;   0.00;   0.00,   0.00,   0.06
  0.00;   0.00;   0.00;   0.00,   0.00,   0.06
  0.00;   0.00;   0.00;   0.00,   0.00,   0.06
  0.00;   0.00;   0.00;   0.00,   0.00,   0.06
  0.00;   0.00;   0.00;   0.00,   0.00,   0.06
  0.00;   0.00;   0.00;   0.00,   0.00,   0.06
  0.00;   0.00;   0.00;   0.00,   0.00,   0.06
  0.00;   0.00;   0.00;   0.00,   0.00,   0.06
  0.00;   0.00;   0.00;   0.00,   0.00,   0.06
  0.00;   0.00;   0.00;   0.00,   0.00,   0.06
  0.00;   0.00;   0.00;   0.00,   0.00,   0.07
  0.00;   0.00;   0.00;   0.00,   0.00,   0.07
  0.00;   0.00;   0.00;   0.00,   0.00,   0.07
  0.00;   0.00;   0.00;   0.00,   0.00,   0.07
  0.00;   0.00;   0.00;   0.00,   0.00,   0.07
  0.00;   0.00;   0.00;   0.00,   0.00,   0.07
  0.00;   0.00;   0.00;   0.00,   0.00,   0.07
  0.00;   0.00;   0.00;   0.00,   0.00,   0.07
  0.00;   0.00;   0.00;   0.00,   0.00,   0.07
  0.00;   0.00;   0.00;   0.00,   0.00,   0.07
  0.00;   0.00;   0.00;   0.00,   0.00,   0.07
  0.00;   0.00;   0.00;   0.00,   0.00,   0.07
  0.00;   0.00;   0.00;   0.00,   0.00,   0.07
  0.00;   0.00;   0.00;   0.00,   0.00,   0.07
  0.00;   0.00;   0.00;   0.00,   0.00,   0.07
  0.00;   0.00;   0.00;   0.00,   0.00,   0.07
  0.00;   0.00;   0.00;   0.00,   0.00,   0.07
  0.00;   0.00;   0.00;   0.00,   0.00,   0.07
  0.00;   0.00;   0.00;   0.00,   0.00,   0.07
  0.00;   0.00;   0.00;   0.00,   0.00,   0.07
  0.00;   0.00;   0.00;   0.00,   0.00,   0.07
  0.00;   0.00;   0.00;   0.00,   0.00,   0.07
  0.00;   0.00;   0.00;   0.00,   0.00,   0.07
  0.00;   0.00;   0.00;   0.00,   0.00,   0.07
  0.00;   0.00;   0.00;   0.00,   0.00,   0.07
  0.00;   0.00;   0.00;   0.00,   0.00,   0.07
  0.00;   0.00;   0.00;   0.00,   0.00,   0.07
  0.00;   0.00;   0.00;   0.00,   0.00,   0.07
  0.00;   0.00;   0.00;   0.00,   0.00,   0.07
  0.00;   0.00;   0.00;   0.00,   0.00,   0.07
  0.00;   0.00;   0.00;   0.00,   0.00,   0.07
  0.00;   0.00;   0.00;   0.00,   0.00,   0.07
  0.00;   0.00;   0.00;   0.00,   0.00,   0.07
  0.00;   0.00;   0.00;   0.00,   0.00,   0.07
  0.00;   0.00;   0.00;   0.00,   0.00,   0.07
  0.00;   0.00;   0.00;   0.00,   0.00,   0.07
  0.00;   0.00;   0.00;   0.00,   0.00,   0.07
  0.00;   0.00;   0.00;   0.00,   0.00,   0.07
  0.00;   0.00;   0.00;   0.00,   0.00,   0.07
  0.00;   0.00;   0.00;   0.00,   0.00,   0.07
  0.00;   0.00;   0.00;   0.00,   0.00,   0.07
  0.00;   0.00;   0.00;   0.00,   0.00,   0.07
  0.00;   0.00;   0.00;   0.00,   0.00,   0.07
  0.00;   0.00;   0.00;   0.00,   0.00,   0.07
  0.00;   0.00;   0.00;   0.00,   0.00,   0.07
  0.00;   0.00;   0.00;   0.00,   0.00,   0.07
  0.00;   0.00;   0.00;   0.00,   0.00,   0.07
  0.00;   0.00;   0.00;   0.00,   0.00,   0.07
  0.00;   0.00;   0.00;   0.00,   0.00,   0.07
  0.00;   0.00;   0.00;   0.00,   0.00,   0.07
  0.00;   0.00;   0.00;   0.00,   0.00,   0.07
  0.00;   0.00;   0.00;   0.00,   0.00,   0.07
  0.00;   0.00;   0.00;   0.00,   0.00,   0.07
  0.00;   0.00;   0.00;   0.00,   0.00,   0.07
  0.00;   0.00;   0.00;   0.00,   0.00,   0.07
  0.00;   0.00;   0.00;   0.00,   0.00,   0.07
  0.00;   0.00;   0.00;   0.00,   0.00,   0.07
  0.00;   0.00;   0.00;   0.00,   0.00,   0.07
  0.00;   0.00;   0.00;   0.00,   0.00,   0.07
  0.00;   0.00;   0.00;   0.00,   0.00,   0.07
  0.00;   0.00;   0.00;   0.00,   0.00,   0.07
  0.00;   0.00;   0.00;   0.00,   0.00,   0.07
  0.00;   0.00;   0.00;   0.00,   0.00,   0.07
  0.00;   0.00;   0.00;   0.00,   0.00,   0.07
  0.00;   0.00;   0.00;   0.00,   0.00,   0.07
  0.00;   0.00;   0.00;   0.00,   0.00,   0.07
  0.00;   0.00;   0.00;   0.00,   0.00,   0.07
  0.00;   0.00;   0.00;   0.00,   0.00,   0.07
  0.00;   0.00;   0.00;   0.00,   0.00,   0.07
  0.00;   0.00;   0.00;   0.00,   0.00,   0.07
  0.00;   0.00;   0.00;   0.00,   0.00,   0.07
  0.00;   0.00;   0.00;   0.00,   0.00,   0.07
  0.00;   0.00;   0.00;   0.00,   0.00,   0.07
  0.00;   0.00;   0.00;   0.00,   0.00,   0.07
  0.00;   0.00;   0.00;   0.00,   0.00,   0.07
  0.00;   0.00;   0.00;   0.00,   0.00,   0.07
  0.00;   0.00;   0.00;   0.00,   0.00,   0.07
  0.00;   0.00;   0.00;   0.00,   0.00,   0.07
  0.00;   0.00;   0.00;   0.00,   0.00,   0.07
  0.00;   0.00;   0.00;   0.00,   0.00,   0.07
  0.00;   0.00;   0.00;   0.00,   0.00,   0.07
  0.00;   0.00;   0.00;   0.00,   0.00,   0.07
  0.00;   0.00;   0.00;   0.00,   0.00,   0.07
  0.00;   0.00;   0.00;   0.00,   0.00,   0.08
  0.00;   0.00;   0.00;   0.00,   0.00,   0.08
  0.00;   0.00;   0.00;   0.00,   0.00,   0.08
  0.00;   0.00;   0.00;   0.00,   0.00,   0.08
  0.00;   0.00;   0.00;   0.00,   0.00,   0.08
  0.00;   0.00;   0.00;   0.00,   0.00,   0.08
  0.00;   0.00;   0.00;   0.00,   0.00,   0.08
  0.00;   0.00;   0.00;   0.00,   0.00,   0.08
  0.00;   0.00;   0.00;   0.00,   0.00,   0.08
  0.00;   0.00;   0.00;   0.00,   0.00,   0.08
  0.00;   0.00;   0.00;   0.00,   0.00,   0.08
  0.00;   0.00;   0.00;   0.00,   0.00,   0.08
  0.00;   0.00;   0.00;   0.00,   0.00,   0.08
  0.00;   0.00;   0.00;   0.00,   0.00,   0.08
  0.00;   0.00;   0.00;   0.00,   0.00,   0.08
  0.00;   0.00;   0.00;   0.00,   0.00,   0.08
  0.00;   0.00;   0.00;   0.00,   0.00,   0.08
  0.00;   0.00;   0.00;   0.00,   0.00,   0.08
  0.00;   0.00;   0.00;   0.00,   0.00,   0.08
  0.00;   0.00;   0.00;   0.00,   0.00,   0.08
  0.00;   0.00;   0.00;   0.00,   0.00,   0.08
  0.00;   0.00;   0.00;   0.00,   0.00,   0.08
  0.00;   0.00;   0.00;   0.00,   0.00,   0.08
  0.00;   0.00;   0.00;   0.00,   0.00,   0.08
  0.00;   0.00;   0.00;   0.00,   0.00,   0.08
  0.00;   0.00;   0.00;   0.00,   0.00,   0.08
  0.00;   0.00;   0.00;   0.00,   0.00,   0.08
  0.00;   0.00;   0.00;   0.00,   0.00,   0.08
  0.00;   0.00;   0.00;   0.00,   0.00,   0.08
  0.00;   0.00;   0.00;   0.00,   0.00,   0.08
  0.00;   0.00;   0.00;   0.00,   0.00,   0.08
  0.00;   0.00;   0.00;   0.00,   0.00,   0.08
  0.00;   0.00;   0.00;   0.00,   0.00,   0.08
  0.00;   0.00;   0.00;   0.00,   0.00,   0.08
  0.00;   0.00;   0.00;   0.00,   0.00,   0.08
  0.00;   0.00;   0.00;   0.00,   0.00,   0.08
  0.00;   0.00;   0.00;   0.00,   0.00,   0.08
  0.00;   0.00;   0.00;   0.00,   0.00,   0.08
  0.00;   0.00;   0.00;   0.00,   0.00,   0.08
  0.00;   0.00;   0.00;   0.00,   0.00,   0.08
  0.00;   0.00;   0.00;   0.00,   0.00,   0.08
  0.00;   0.00;   0.00;   0.00,   0.00,   0.08
  0.00;   0.00;   0.00;   0.00,   0.00,   0.08
  0.00;   0.00;   0.00;   0.00,   0.00,   0.08
  0.00;   0.00;   0.00;   0.00,   0.00,   0.08
  0.00;   0.00;   0.00;   0.00,   0.00,   0.08
  0.00;   0.00;   0.00;   0.00,   0.00,   0.08
  0.00;   0.00;   0.00;   0.00,   0.00,   0.08
  0.00;   0.00;   0.00;   0.00,   0.00,   0.08
  0.00;   0.00;   0.00;   0.00,   0.00,   0.08
  0.00;   0.00;   0.00;   0.00,   0.00,   0.08
  0.00;   0.00;   0.00;   0.00,   0.00,   0.08
  0.00;   0.00;   0.00;   0.00,   0.00,   0.08
  0.00;   0.00;   0.00;   0.00,   0.00,   0.08
  0.00;   0.00;   0.00;   0.00,   0.00,   0.08
  0.00;   0.00;   0.00;   0.00,   0.00,   0.08
  0.00;   0.00;   0.00;   0.00,   0.00,   0.08
  0.00;   0.00;   0.00;   0.00,   0.00,   0.08
  0.00;   0.00;   0.00;   0.00,   0.00,   0.08
  0.00;   0.00;   0.00;   0.00,   0.00,   0.08
  0.00;   0.00;   0.00;   0.00,   0.00,   0.08
  0.00;   0.00;   0.00;   0.00,   0.00,   0.08
  0.00;   0.00;   0.00;   0.00,   0.00,   0.08
  0.00;   0.00;   0.00;   0.00,   0.00,   0.08
  0.00;   0.00;   0.00;   0.00,   0.00,   0.08
  0.00;   0.00;   0.00;   0.00,   0.00,   0.08
  0.00;   0.00;   0.00;   0.00,   0.00,   0.08
  0.00;   0.00;   0.00;   0.00,   0.00,   0.08
  0.00;   0.00;   0.00;   0.00,   0.00,   0.08
  0.00;   0.00;   0.00;   0.00,   0.00,   0.08
  0.00;   0.00;   0.00;   0.00,   0.00,   0.08
  0.00;   0.00;   0.00;   0.00,   0.00,   0.08
  0.00;   0.00;   0.00;   0.00,   0.00,   0.08
  0.00;   0.00;   0.00;   0.00,   0.00,   0.08
  0.00;   0.00;   0.00;   0.00,   0.00,   0.08
  0.00;   0.00;   0.00;   0.00,   0.00,   0.08
  0.00;   0.00;   0.00;   0.00,   0.00,   0.08
  0.00;   0.00;   0.00;   0.00,   0.00,   0.08
  0.00;   0.00;   0.00;   0.00,   0.00,   0.08
  0.00;   0.00;   0.00;   0.00,   0.00,   0.08
  0.00;   0.00;   0.00;   0.00,   0.00,   0.08
  0.00;   0.00;   0.00;   0.00,   0.00,   0.08
  0.00;   0.00;   0.00;   0.00,   0.00,   0.08
  0.00;   0.00;   0.00;   0.00,   0.00,   0.08
  0.00;   0.00;   0.00;   0.00,   0.00,   0.09
  0.00;   0.00;   0.00;   0.00,   0.00,   0.09
  0.00;   0.00;   0.00;   0.00,   0.00,   0.09
  0.00;   0.00;   0.00;   0.00,   0.00,   0.09
  0.00;   0.00;   0.00;   0.00,   0.00,   0.09
  0.00;   0.00;   0.00;   0.00,   0.00,   0.09
  0.00;   0.00;   0.00;   0.00,   0.00,   0.09
  0.00;   0.00;   0.00;   0.00,   0.00,   0.09
  0.00;   0.00;   0.00;   0.00,   0.00,   0.09
  0.00;   0.00;   0.00;   0.00,   0.00,   0.09
  0.00;   0.00;   0.00;   0.00,   0.00,   0.09
  0.00;   0.00;   0.00;   0.00,   0.00,   0.09
  0.00;   0.00;   0.00;   0.00,   0.00,   0.09
  0.00;   0.00;   0.00;   0.00,   0.00,   0.09
  0.00;   0.00;   0.00;   0.00,   0.00,   0.09
  0.00;   0.00;   0.00;   0.00,   0.00,   0.09
  0.00;   0.00;   0.00;   0.00,   0.00,   0.09
  0.00;   0.00;   0.00;   0.00,   0.00,   0.09
  0.00;   0.00;   0.00;   0.00,   0.00,   0.09
  0.00;   0.00;   0.00;   0.00,   0.00,   0.09
  0.41;   0.00;   0.00;   0.00,   0.41,   0.09
  1.01;   0.00;   1.72;   0.99,   3.72,   0.09
  1.01;   0.00;   1.72;   0.99,   3.72,   0.09
  3.16;   0.79;   5.42;   2.61,  11.99,   0.09
  3.16;   0.79;   5.42;   2.61,  11.99,   0.09
  3.83;   1.21;   0.96;   0.72,   6.71,   0.09
  1.81;   0.39;   0.23;   0.15,   2.59,   0.09
  1.81;   0.39;   0.23;   0.15,   2.59,   0.09
  1.25;   0.11;   0.86;   0.32,   2.54,   0.09
  1.58;   0.14;   1.49;   0.58,   3.80,   0.09
  1.58;   0.14;   1.49;   0.58,   3.80,   0.09
  1.91;   0.33;   2.52;   1.04,   5.80,   0.09
  1.91;   0.33;   2.52;   1.04,   5.80,   0.09
  2.17;   0.44;   3.85;   1.63,   8.09,   0.09
  2.43;   0.62;   4.65;   1.97,   9.67,   0.09
  2.43;   0.62;   4.65;   1.97,   9.67,   0.09
  2.52;   0.58;   5.13;   2.17,  10.41,   0.09
  2.30;   0.58;   5.04;   2.17,  10.09,   0.09
  2.30;   0.50;   5.04;   2.20,  10.04,   0.09
  1.88;   0.34;   5.02;   2.24,   9.48,   0.09
  1.88;   0.34;   5.02;   2.24,   9.48,   0.09
  1.54;   0.29;   5.30;   2.34,   9.46,   0.09
  1.33;   0.20;   5.58;   2.50,   9.61,   0.09
  1.33;   0.20;   5.58;   2.50,   9.61,   0.09
  1.12;   0.14;   5.94;   2.70,   9.90,   0.09
  1.12;   0.14;   5.94;   2.70,   9.90,   0.09
  0.94;   0.13;   6.18;   2.77,  10.02,   0.09
  0.81;   0.05;   6.25;   2.79,   9.90,   0.09
  0.81;   0.05;   6.25;   2.79,   9.90,   0.09
  0.62;   0.00;   6.17;   2.81,   9.60,   0.09
  0.46;   0.00;   6.09;   2.79,   9.33,   0.09
  0.46;   0.00;   6.09;   2.79,   9.33,   0.09
  0.49;   0.00;   5.76;   2.65,   8.90,   0.09
  0.49;   0.00;   5.76;   2.65,   8.90,   0.09
  0.55;   0.00;   5.42;   2.59,   8.56,   0.09
  0.53;   0.00;   5.21;   2.52,   8.25,   0.09
  0.53;   0.00;   5.21;   2.52,   8.25,   0.09
  0.39;   0.00;   4.97;   2.46,   7.82,   0.09
  0.39;   0.00;   4.97;   2.46,   7.82,   0.09
  0.32;   0.00;   4.75;   2.52,   7.59,   0.09
  0.26;   0.00;   4.54;   2.39,   7.20,   0.09
  0.26;   0.00;   4.54;   2.39,   7.20,   0.09
  0.32;   0.00;   4.21;   2.24,   6.77,   0.09
  0.37;   0.00;   4.08;   2.18,   6.63,   0.09
  0.37;   0.00;   4.08;   2.18,   6.63,   0.09
  0.40;   0.00;   4.09;   2.15,   6.63,   0.09
  0.40;   0.00;   4.09;   2.15,   6.63,   0.09
  0.21;   0.00;   3.85;   2.16,   6.23,   0.09
  0.16;   0.00;   3.74;   2.05,   5.95,   0.09
  0.16;   0.00;   3.74;   2.05,   5.95,   0.09
  0.04;   0.00;   4.25;   4.86,   9.14,   0.09
  0.00;   0.00;   6.54;   4.86,  11.39,   0.09
  0.00;   0.00;   6.54;  12.27,  18.81,   0.09
  0.00;   0.00;   4.91;   7.91,  12.82,   0.09
  0.00;   0.00;   4.91;   7.91,  12.82,   0.09
  0.52;   3.22;   4.67;   7.37,  15.77,   0.09
  0.46;   2.08;   4.73;   6.45,  13.71,   0.09
  0.46;   2.08;   4.73;   6.45,  13.71,   0.09
  0.00;   1.21;   4.33;   6.26,  11.81,   0.09
  0.00;   1.21;   4.33;   6.26,  11.81,   0.09
  0.00;   0.46;   3.78;   5.30,   9.54,   0.09
  0.00;   0.36;   3.70;   5.41,   9.47,   0.09
  0.00;   0.36;   3.70;   5.41,   9.47,   0.09
  0.00;   0.62;   3.83;   5.69,  10.14,   0.09
  0.00;   0.79;   4.01;   6.19,  10.99,   0.10
  0.00;   0.79;   4.01;   6.19,  10.99,   0.10
  0.11;   0.97;   4.16;   6.65,  11.89,   0.10
  0.11;   0.97;   4.16;   6.65,  11.89,   0.10
  0.14;   1.17;   4.23;   6.69,  12.23,   0.10
  0.28;   1.16;   4.19;   6.51,  12.15,   0.10
  0.28;   1.16;   4.19;   6.51,  12.15,   0.10
  0.19;   1.12;   4.02;   6.24,  11.58,   0.10
  0.13;   1.07;   3.92;   6.05,  11.18,   0.10
  0.13;   1.07;   3.92;   6.05,  11.18,   0.10
  0.07;   1.02;   3.87;   6.00,  10.96,   0.10
  0.07;   1.02;   3.87;   6.00,  10.96,   0.10
  0.11;   1.00;   3.97;   5.94,  11.01,   0.10
  0.13;   0.97;   4.06;   5.97,  11.12,   0.10
  0.13;   0.97;   4.06;   5.97,  11.12,   0.10
  0.17;   0.93;   4.24;   6.07,  11.41,   0.10
  0.17;   0.93;   4.24;   6.07,  11.41,   0.10
  0.21;   1.08;   4.38;   6.29,  11.97,   0.10
  0.32;   1.10;   4.47;   6.43,  12.32,   0.10
  0.32;   1.10;   4.47;   6.43,  12.32,   0.10
  0.34;   1.17;   4.48;   6.41,  12.40,   0.10
  0.35;   1.24;   4.43;   6.39,  12.41,   0.10
  0.35;   1.24;   4.43;   6.39,  12.41,   0.10
  0.43;   1.24;   4.37;   6.35,  12.39,   0.10
  0.49;   1.23;   4.34;   6.34,  12.40,   0.10
  0.49;   1.23;   4.34;   6.34,  12.40,   0.10
  0.53;   1.25;   4.40;   6.34,  12.52,   0.10
  0.53;   1.25;   4.40;   6.34,  12.52,   0.10
  0.53;   1.29;   4.35;   6.34,  12.51,   0.10
  0.56;   1.33;   4.19;   6.31,  12.40,   0.10
  0.56;   1.33;   4.19;   6.31,  12.40,   0.10
  0.49;   1.30;   4.21;   6.25,  12.25,   0.10
  0.47;   1.22;   4.13;   6.16,  11.98,   0.10
  0.47;   1.22;   4.13;   6.16,  11.98,   0.10
  0.47;   1.14;   4.03;   6.00,  11.63,   0.10
  0.47;   1.14;   4.03;   6.00,  11.63,   0.10
  0.45;   1.12;   4.09;   5.98,  11.63,   0.10
  0.47;   1.12;   4.13;   6.01,  11.72,   0.10
  0.47;   1.12;   4.13;   6.01,  11.72,   0.10
  0.43;   1.11;   4.08;   6.05,  11.67,   0.10
  0.43;   1.11;   4.08;   6.05,  11.67,   0.10
  0.40;   1.04;   4.11;   6.06,  11.61,   0.10
  0.43;   1.00;   4.17;   6.13,  11.73,   0.10
  0.43;   1.00;   4.17;   6.13,  11.73,   0.10
  0.43;   1.04;   4.23;   6.10,  11.80,   0.10
  0.48;   1.06;   4.22;   6.17,  11.93,   0.10
  0.48;   1.06;   4.22;   6.17,  11.93,   0.10
  0.41;   1.07;   4.17;   6.05,  11.70,   0.10
  0.41;   1.07;   4.17;   6.05,  11.70,   0.10
  0.40;   1.09;   4.13;   6.01,  11.63,   0.10
  0.36;   1.13;   4.10;   6.00,  11.59,   0.10
  0.36;   1.13;   4.10;   6.00,  11.59,   0.10
  0.38;   1.05;   4.09;   5.95,  11.47,   0.10
  0.46;   1.11;   4.01;   5.91,  11.49,   0.10
  0.46;   1.11;   4.01;   5.91,  11.49,   0.10
  0.45;   1.07;   4.03;   5.86,  11.41,   0.10
  0.45;   1.07;   4.03;   5.86,  11.41,   0.10
  0.43;   1.09;   3.99;   5.81,  11.32,   0.10
  0.46;   1.10;   4.05;   5.73,  11.33,   0.10
  0.46;   1.10;   4.05;   5.73,  11.33,   0.10
  0.48;   1.04;   3.96;   5.66,  11.14,   0.10
  0.48;   1.04;   3.96;   5.66,  11.14,   0.10
  0.45;   0.95;   3.87;   5.64,  10.92,   0.10
  0.46;   0.97;   3.88;   5.60,  10.92,   0.10
  0.46;   0.97;   3.88;   5.60,  10.92,   0.10
  0.43;   1.00;   3.88;   5.54,  10.85,   0.10
  0.49;   1.06;   3.90;   5.52,  10.97,   0.10
  0.49;   1.06;   3.90;   5.52,  10.97,   0.10
  0.40;   1.01;   3.89;   5.48,  10.79,   0.10
  0.40;   1.01;   3.89;   5.48,  10.79,   0.10
  0.47;   0.96;   3.86;   5.43,  10.73,   0.10
  0.40;   0.94;   3.83;   5.45,  10.63,   0.10
  0.40;   0.94;   3.83;   5.45,  10.63,   0.10
  0.43;   0.91;   3.90;   5.36,  10.61,   0.10
  0.43;   0.91;   3.90;   5.36,  10.61,   0.10
  0.49;   0.92;   3.92;   5.43,  10.77,   0.10
  0.47;   0.99;   4.10;   5.51,  11.07,   0.10
  0.47;   0.99;   4.10;   5.51,  11.07,   0.10
  0.47;   0.99;   4.09;   5.57,  11.12,   0.10
  0.56;   0.98;   4.14;   5.56,  11.25,   0.11
  0.56;   0.98;   4.14;   5.56,  11.25,   0.11
  0.53;   1.05;   4.13;   5.55,  11.25,   0.11
  0.53;   1.05;   4.13;   5.55,  11.25,   0.11
  0.54;   1.03;   4.06;   5.57,  11.20,   0.11
  0.60;   1.10;   4.19;   5.65,  11.55,   0.11
  0.60;   1.10;   4.19;   5.65,  11.55,   0.11
  0.67;   1.08;   4.18;   5.67,  11.60,   0.11
  0.69;   1.03;   4.18;   5.60,  11.51,   0.11
  0.69;   1.03;   4.18;   5.60,  11.51,   0.11
  0.67;   1.16;   4.20;   5.62,  11.66,   0.11
  0.67;   1.16;   4.20;   5.62,  11.66,   0.11
  0.65;   1.05;   4.20;   5.60,  11.51,   0.11
  0.65;   1.07;   4.23;   5.57,  11.53,   0.11
  0.65;   1.07;   4.23;   5.57,  11.53,   0.11
  0.66;   1.03;   4.23;   5.68,  11.60,   0.11
  0.66;   1.03;   4.23;   5.68,  11.60,   0.11
  0.66;   1.08;   4.36;   5.83,  11.94,   0.11
  0.63;   1.13;   4.45;   6.04,  12.26,   0.11
  0.63;   1.13;   4.45;   6.04,  12.26,   0.11
  0.74;   1.11;   4.59;   6.12,  12.56,   0.11
  0.83;   1.18;   4.66;   6.25,  12.92,   0.11
  0.83;   1.18;   4.66;   6.25,  12.92,   0.11
  0.84;   1.29;   4.78;   6.24,  13.15,   0.11
  0.84;   1.29;   4.78;   6.24,  13.15,   0.11
  0.99;   1.30;   4.84;   6.29,  13.43,   0.11
  1.06;   1.34;   4.84;   6.21,  13.45,   0.11
  1.06;   1.34;   4.84;   6.21,  13.45,   0.11
  1.17;   1.34;   4.87;   6.25,  13.63,   0.11
  1.17;   1.34;   4.87;   6.25,  13.63,   0.11
  1.26;   1.41;   5.07;   6.27,  14.01,   0.11
  1.28;   1.31;   5.24;   6.43,  14.25,   0.11
  1.28;   1.31;   5.24;   6.43,  14.25,   0.11
  1.35;   1.16;   5.27;   6.44,  14.22,   0.11
  1.34;   1.11;   5.44;   6.52,  14.42,   0.11
  1.34;   1.11;   5.44;   6.52,  14.42,   0.11
  1.39;   1.00;   5.55;   6.60,  14.55,   0.11
  1.39;   1.00;   5.55;   6.60,  14.55,   0.11
  1.34;   0.75;   5.67;   6.87,  14.63,   0.11
  1.36;   0.51;   5.78;   7.05,  14.69,   0.11
  1.36;   0.51;   5.78;   7.05,  14.69,   0.11
  1.39;   0.36;   6.04;   6.96,  14.75,   0.11
  1.45;   0.17;   6.08;   6.83,  14.53,   0.11
  1.45;   0.17;   6.08;   6.83,  14.53,   0.11
  1.48;   0.09;   6.09;   6.15,  13.81,   0.11
  1.48;   0.09;   6.09;   6.15,  13.81,   0.11
  1.59;   0.00;   5.86;   5.09,  12.53,   0.11
  1.74;   0.12;   5.57;   3.65,  11.08,   0.11
  1.74;   0.12;   5.57;   3.65,  11.08,   0.11
  1.83;   0.27;   5.30;   2.17,   9.57,   0.11
  1.94;   0.25;   5.26;   1.78,   9.22,   0.11
  1.94;   0.25;   5.26;   1.78,   9.22,   0.11
  1.96;   0.32;   5.37;   1.86,   9.50,   0.11
  1.96;   0.32;   5.37;   1.86,   9.50,   0.11
  1.95;   0.30;   5.32;   1.75,   9.32,   0.11
  1.92;   0.33;   5.25;   1.77,   9.26,   0.11
  1.92;   0.33;   5.25;   1.77,   9.26,   0.11
  1.95;   0.29;   5.05;   1.69,   8.97,   0.11
  1.85;   0.28;   4.89;   1.68,   8.69,   0.11
  1.85;   0.28;   4.89;   1.68,   8.69,   0.11
  1.85;   0.35;   4.77;   1.68,   8.64,   0.11
  1.85;   0.35;   4.77;   1.68,   8.64,   0.11
  1.89;   0.30;   4.53;   1.58,   8.30,   0.11
  1.93;   0.38;   4.43;   1.61,   8.35,   0.11
  1.93;   0.38;   4.43;   1.61,   8.35,   0.11
  1.86;   0.39;   4.36;   1.50,   8.11,   0.11
  1.86;   0.39;   4.36;   1.50,   8.11,   0.11
  1.80;   0.33;   4.32;   1.58,   8.03,   0.11
  1.81;   0.31;   4.28;   1.57,   7.97,   0.11
  1.81;   0.31;   4.28;   1.57,   7.97,   0.11
  1.74;   0.34;   4.17;   1.50,   7.75,   0.11
  1.63;   0.40;   4.01;   1.49,   7.52,   0.11
  1.63;   0.40;   4.01;   1.49,   7.52,   0.11
  1.59;   0.32;   3.87;   1.41,   7.19,   0.11
  1.59;   0.32;   3.87;   1.41,   7.19,   0.11
  1.56;   0.35;   3.75;   1.40,   7.06,   0.11
  1.45;   0.29;   3.62;   1.35,   6.71,   0.11
  1.45;   0.29;   3.62;   1.35,   6.71,   0.11
  1.42;   0.34;   3.46;   1.31,   6.53,   0.11
  1.42;   0.34;   3.33;   1.31,   6.41,   0.11
  1.29;   0.28;   3.33;   1.32,   6.22,   0.11
  1.24;   0.26;   3.27;   1.28,   6.05,   0.12
  1.24;   0.26;   3.27;   1.28,   6.05,   0.12
  1.17;   0.24;   3.12;   1.19,   5.72,   0.12
  0.94;   0.24;   2.99;   1.19,   5.36,   0.12
  0.94;   0.24;   2.99;   1.19,   5.36,   0.12
  0.82;   0.16;   2.87;   1.10,   4.95,   0.12
  0.82;   0.16;   2.87;   1.10,   4.95,   0.12
  0.69;   0.10;   2.64;   1.05,   4.49,   0.12
  0.45;   0.07;   2.47;   1.02,   4.00,   0.12
  0.45;   0.07;   2.47;   1.02,   4.00,   0.12
  0.01;   0.00;   2.09;   0.82,   2.93,   0.12
  0.00;   0.00;   1.78;   0.68,   2.46,   0.12
  0.00;   0.00;   1.78;   0.68,   2.46,   0.12
  0.00;   0.00;   1.46;   0.58,   2.05,   0.12
  0.00;   0.00;   1.46;   0.58,   2.05,   0.12
  0.00;   0.00;   1.03;   0.43,   1.46,   0.12
  0.00;   0.00;   0.15;   0.11,   0.26,   0.12
  0.00;   0.00;   0.15;   0.11,   0.26,   0.12
  0.00;   0.00;   0.00;   0.00,   0.00,   0.12
  0.00;   0.00;   0.00;   0.00,   0.00,   0.12
  0.00;   0.00;   0.00;   0.00,   0.00,   0.12
  0.00;   0.00;   0.00;   0.00,   0.00,   0.12
  0.00;   0.00;   0.00;   0.00,   0.00,   0.12
  0.00;   0.00;   0.00;   0.00,   0.00,   0.12
  0.00;   0.00;   0.00;   0.00,   0.00,   0.12
  0.00;   0.00;   0.00;   0.00,   0.00,   0.12
  0.00;   0.00;   0.00;   0.00,   0.00,   0.12
  0.00;   0.00;   0.00;   0.00,   0.00,   0.12
  0.00;   0.00;   0.00;   0.00,   0.00,   0.12
  0.00;   0.00;   0.00;   0.00,   0.00,   0.12
  0.00;   0.00;   0.00;   0.00,   0.00,   0.12
  0.00;   0.00;   0.00;   0.00,   0.00,   0.12
  0.00;   0.00;   0.00;   0.00,   0.00,   0.12
  0.00;   0.00;   0.00;   0.00,   0.00,   0.12
  0.00;   0.00;   0.00;   0.00,   0.00,   0.12
  0.00;   0.00;   0.00;   0.00,   0.00,   0.12
  0.00;   0.00;   0.00;   0.00,   0.00,   0.12
  0.00;   0.00;   0.00;   0.00,   0.00,   0.12
  0.00;   0.00;   0.00;   0.00,   0.00,   0.12
  0.00;   0.00;   0.00;   0.00,   0.00,   0.12
  0.00;   0.00;   0.00;   0.00,   0.00,   0.12
  0.00;   0.00;   0.00;   0.00,   0.00,   0.12
  0.00;   0.00;   0.00;   0.00,   0.00,   0.12
  0.00;   0.00;   0.00;   0.00,   0.00,   0.12
  0.00;   0.00;   0.00;   0.00,   0.00,   0.12
  0.00;   0.00;   0.00;   0.00,   0.00,   0.12
  0.00;   0.00;   0.00;   0.00,   0.00,   0.12
  0.00;   0.00;   0.00;   0.00,   0.00,   0.12
  0.00;   0.00;   0.00;   0.00,   0.00,   0.12
  0.00;   0.00;   0.00;   0.00,   0.00,   0.12
  0.00;   0.00;   0.00;   0.00,   0.00,   0.12
  0.00;   0.00;   0.00;   0.00,   0.00,   0.12
  0.00;   0.00;   0.00;   0.00,   0.00,   0.12
  0.00;   0.00;   0.00;   0.00,   0.00,   0.12
  0.00;   0.00;   0.00;   0.00,   0.00,   0.12
  0.00;   0.00;   0.00;   0.00,   0.00,   0.12
  0.00;   0.00;   0.00;   0.00,   0.00,   0.12
  0.00;   0.00;   0.00;   0.00,   0.00,   0.12
  0.00;   0.00;   0.00;   0.00,   0.00,   0.12
  0.00;   0.00;   0.00;   0.00,   0.00,   0.12
  0.00;   0.00;   0.00;   0.00,   0.00,   0.12
  0.00;   0.00;   0.00;   0.00,   0.00,   0.12
  0.00;   0.00;   0.00;   0.00,   0.00,   0.12
  0.00;   0.00;   0.00;   0.00,   0.00,   0.12
  0.00;   0.00;   0.00;   0.00,   0.00,   0.12
  0.00;   0.00;   0.00;   0.00,   0.00,   0.12
  0.00;   0.00;   0.00;   0.00,   0.00,   0.12
  0.00;   0.00;   0.00;   0.00,   0.00,   0.12
  0.00;   0.00;   0.00;   0.00,   0.00,   0.12
  0.00;   0.00;   0.00;   0.00,   0.00,   0.12
  0.00;   0.00;   0.00;   0.00,   0.00,   0.12
  0.00;   0.00;   0.00;   0.00,   0.00,   0.12
  0.00;   0.00;   0.00;   0.00,   0.00,   0.12
  0.00;   0.00;   0.00;   0.00,   0.00,   0.12
  0.00;   0.00;   0.00;   0.00,   0.00,   0.12
  0.00;   0.00;   0.00;   0.00,   0.00,   0.12
  0.00;   0.00;   0.00;   0.00,   0.00,   0.12
  0.00;   0.00;   0.00;   0.00,   0.00,   0.12
  0.00;   0.00;   0.00;   0.00,   0.00,   0.12
  0.00;   0.00;   0.00;   0.00,   0.00,   0.12
  0.00;   0.00;   0.00;   0.00,   0.00,   0.12
  0.00;   0.00;   0.00;   0.00,   0.00,   0.12
  0.00;   0.00;   0.00;   0.00,   0.00,   0.12
  0.00;   0.00;   0.00;   0.00,   0.00,   0.12
  0.00;   0.00;   0.00;   0.00,   0.00,   0.12
  0.00;   0.00;   0.00;   0.00,   0.00,   0.13
  0.00;   0.00;   0.00;   0.00,   0.00,   0.13
  0.00;   0.00;   0.00;   0.00,   0.00,   0.13
  0.00;   0.00;   0.00;   0.00,   0.00,   0.13
  0.00;   0.00;   0.00;   0.00,   0.00,   0.13
  0.00;   0.00;   0.00;   0.00,   0.00,   0.13
  0.00;   0.00;   0.00;   0.00,   0.00,   0.13
  0.00;   0.00;   0.00;   0.00,   0.00,   0.13
  0.00;   0.00;   0.00;   0.00,   0.00,   0.13
  0.00;   0.00;   0.00;   0.00,   0.00,   0.13
  0.00;   0.00;   0.00;   0.00,   0.00,   0.13
  0.00;   0.00;   0.00;   0.00,   0.00,   0.13
  0.00;   0.00;   0.00;   0.00,   0.00,   0.13
  0.00;   0.00;   0.00;   0.00,   0.00,   0.13
  0.00;   0.00;   0.00;   0.00,   0.00,   0.13
  0.00;   0.00;   0.00;   0.00,   0.00,   0.13
  0.00;   0.00;   0.00;   0.00,   0.00,   0.13
  0.00;   0.00;   0.00;   0.00,   0.00,   0.13
  0.00;   0.00;   0.00;   0.00,   0.00,   0.13
  0.00;   0.00;   0.00;   0.00,   0.00,   0.13
  0.00;   0.00;   0.00;   0.00,   0.00,   0.13
  0.00;   0.00;   0.00;   0.00,   0.00,   0.13
  0.00;   0.00;   0.00;   0.00,   0.00,   0.13
  0.00;   0.00;   0.00;   0.00,   0.00,   0.13
  0.00;   0.00;   0.00;   0.00,   0.00,   0.13
  0.00;   0.00;   0.00;   0.00,   0.00,   0.13
  0.00;   0.00;   0.00;   0.00,   0.00,   0.13
  0.00;   0.00;   0.00;   0.00,   0.00,   0.13
  0.00;   0.00;   0.00;   0.00,   0.00,   0.13
  0.00;   0.00;   0.00;   0.00,   0.00,   0.13
  0.00;   0.00;   0.00;   0.00,   0.00,   0.13
  0.00;   0.00;   0.00;   0.00,   0.00,   0.13
  0.00;   0.00;   0.00;   0.00,   0.00,   0.13
  0.00;   0.00;   0.00;   0.00,   0.00,   0.13
  0.00;   0.00;   0.00;   0.00,   0.00,   0.13
  0.00;   0.00;   0.00;   0.00,   0.00,   0.13
  0.00;   0.00;   0.00;   0.00,   0.00,   0.13
  0.00;   0.00;   0.00;   0.00,   0.00,   0.13
  0.00;   0.00;   0.00;   0.00,   0.00,   0.13
  0.00;   0.00;   0.00;   0.00,   0.00,   0.13
  0.00;   0.00;   0.00;   0.00,   0.00,   0.13
  0.00;   0.00;   0.00;   0.00,   0.00,   0.13
  0.00;   0.00;   0.00;   0.00,   0.00,   0.13
  0.00;   0.00;   0.00;   0.00,   0.00,   0.13
  0.00;   0.00;   0.00;   0.00,   0.00,   0.13
  0.00;   0.00;   0.00;   0.00,   0.00,   0.13
  0.00;   0.00;   0.00;   0.00,   0.00,   0.13
  0.00;   0.00;   0.00;   0.00,   0.00,   0.13
  0.00;   0.00;   0.00;   0.00,   0.00,   0.13
  0.00;   0.00;   0.00;   0.00,   0.00,   0.13
  0.00;   0.00;   0.00;   0.00,   0.00,   0.13
  0.00;   0.00;   0.00;   0.00,   0.00,   0.13
  0.00;   0.00;   0.00;   0.00,   0.00,   0.13
  0.00;   0.00;   0.00;   0.00,   0.00,   0.13
  0.00;   0.00;   0.00;   0.00,   0.00,   0.13
  0.00;   0.00;   0.00;   0.00,   0.00,   0.13
  0.00;   0.00;   0.00;   0.00,   0.00,   0.13
  0.00;   0.00;   0.00;   0.00,   0.00,   0.13
  0.00;   0.00;   0.00;   0.00,   0.00,   0.13
  0.00;   0.00;   0.00;   0.00,   0.00,   0.13
  0.00;   0.00;   0.00;   0.00,   0.00,   0.13
  0.00;   0.00;   0.00;   0.00,   0.00,   0.13
  0.00;   0.00;   0.00;   0.00,   0.00,   0.13
  0.00;   0.00;   0.00;   0.00,   0.00,   0.13
  0.00;   0.00;   0.00;   0.00,   0.00,   0.13
  0.00;   0.00;   0.00;   0.00,   0.00,   0.13
  0.00;   0.00;   0.00;   0.00,   0.00,   0.13
  0.00;   0.00;   0.00;   0.00,   0.00,   0.13
  0.00;   0.00;   0.00;   0.00,   0.00,   0.13
  0.00;   0.00;   0.00;   0.00,   0.00,   0.13
  0.00;   0.00;   0.00;   0.00,   0.00,   0.13
  0.00;   0.00;   0.00;   0.00,   0.00,   0.13
  0.00;   0.00;   0.00;   0.00,   0.00,   0.13
  0.00;   0.00;   0.00;   0.00,   0.00,   0.13
  0.00;   0.00;   0.00;   0.00,   0.00,   0.13
  0.00;   0.00;   0.00;   0.00,   0.00,   0.13
  0.00;   0.00;   0.00;   0.00,   0.00,   0.13
  0.00;   0.00;   0.00;   0.00,   0.00,   0.13
  0.00;   0.00;   0.00;   0.00,   0.00,   0.13
  0.00;   0.00;   0.00;   0.00,   0.00,   0.13
  0.00;   0.00;   0.00;   0.00,   0.00,   0.13
  0.00;   0.00;   0.00;   0.00,   0.00,   0.13
  0.00;   0.00;   0.00;   0.00,   0.00,   0.13
  0.00;   0.00;   0.00;   0.00,   0.00,   0.13
  0.00;   0.00;   0.00;   0.00,   0.00,   0.14
  0.00;   0.00;   0.00;   0.00,   0.00,   0.14
  0.00;   0.00;   0.00;   0.00,   0.00,   0.14
  0.00;   0.00;   0.00;   0.00,   0.00,   0.14
  0.00;   0.00;   0.00;   0.00,   0.00,   0.14
  0.00;   0.00;   0.00;   0.00,   0.00,   0.14
  0.00;   0.00;   0.00;   0.00,   0.00,   0.14
  0.00;   0.00;   0.00;   0.00,   0.00,   0.14
  0.00;   0.00;   0.00;   0.00,   0.00,   0.14
  0.00;   0.00;   0.00;   0.00,   0.00,   0.14
  0.00;   0.00;   0.00;   0.00,   0.00,   0.14
  0.00;   0.00;   0.00;   0.00,   0.00,   0.14
  0.00;   0.00;   0.00;   0.00,   0.00,   0.14
  0.00;   0.00;   0.00;   0.00,   0.00,   0.14
  0.00;   0.00;   0.00;   0.00,   0.00,   0.14
  0.00;   0.00;   0.00;   0.00,   0.00,   0.14
  0.00;   0.00;   0.00;   0.00,   0.00,   0.14
  0.00;   0.00;   0.00;   0.00,   0.00,   0.14
  0.00;   0.00;   0.00;   0.00,   0.00,   0.14
  0.00;   0.00;   0.00;   0.00,   0.00,   0.14
  0.00;   0.00;   0.00;   0.00,   0.00,   0.14
  0.00;   0.00;   0.00;   0.00,   0.00,   0.14
  0.00;   0.00;   0.00;   0.00,   0.00,   0.14
  0.00;   0.00;   0.00;   0.00,   0.00,   0.14
  0.00;   0.00;   0.00;   0.00,   0.00,   0.14
  0.00;   0.00;   0.00;   0.00,   0.00,   0.14
  0.00;   0.00;   0.00;   0.00,   0.00,   0.14
  0.00;   0.00;   0.00;   0.00,   0.00,   0.14
  0.00;   0.00;   0.00;   0.00,   0.00,   0.14
  0.00;   0.00;   0.00;   0.00,   0.00,   0.14
  0.00;   0.00;   0.00;   0.00,   0.00,   0.14
  0.00;   0.00;   0.00;   0.00,   0.00,   0.14
  0.00;   0.00;   0.00;   0.22,   0.22,   0.14
  0.00;   0.00;   0.00;   0.22,   0.22,   0.14
  0.00;   0.96;   0.00;   0.05,   1.01,   0.14
  0.00;   0.96;   0.00;   0.05,   1.01,   0.14
  0.00;   2.08;   0.00;   2.82,   4.89,   0.14
  0.00;   2.80;   1.21;   7.41,  11.42,   0.14
  0.00;   2.80;   1.21;   7.41,  11.42,   0.14
  0.00;   3.80;   1.18;   7.45,  12.43,   0.14
  0.00;   3.80;   1.18;   7.45,  12.43,   0.14
  0.18;   4.40;   0.90;   6.16,  11.65,   0.14
  0.46;   5.56;   1.08;   6.78,  13.88,   0.14
  0.46;   5.56;   1.08;   6.78,  13.88,   0.14
  0.86;   6.95;   2.02;   9.55,  19.38,   0.14
  1.17;   8.49;   3.09;  12.81,  25.56,   0.14
  1.17;   8.49;   3.09;  12.81,  25.56,   0.14
  1.58;   9.88;   4.03;  15.49,  30.97,   0.14
  1.58;   9.88;   4.03;  15.49,  30.97,   0.14
  1.95;  11.03;   4.85;  17.99,  35.82,   0.14
  2.29;  12.48;   6.00;  21.08,  41.85,   0.14
  2.29;  12.48;   6.00;  21.08,  41.85,   0.14
  2.72;  14.01;   7.15;  24.13,  48.00,   0.14
  3.17;  15.37;   8.11;  26.96,  53.62,   0.14
  3.17;  15.37;   8.11;  26.96,  53.62,   0.14
  3.49;  16.64;   9.01;  29.33,  58.47,   0.14
  3.87;  17.67;   9.85;  31.44,  62.83,   0.14
  4.13;  18.55;  10.55;  33.34,  66.58,   0.14
  4.13;  18.55;  10.55;  33.34,  66.58,   0.14
  4.38;  19.43;  11.28;  35.18,  70.27,   0.14
  4.56;  20.08;  11.71;  36.64,  73.00,   0.14
  4.56;  20.08;  11.71;  36.64,  73.00,   0.14
  4.79;  20.83;  12.00;  37.47,  75.10,   0.14
  4.79;  20.83;  12.00;  37.47,  75.10,   0.14
  5.00;  21.36;  12.20;  38.01,  76.58,   0.14
  5.05;  21.61;  12.25;  38.13,  77.04,   0.14
  5.05;  21.61;  12.25;  38.13,  77.04,   0.14
  5.12;  21.94;  12.14;  37.69,  76.89,   0.14
  5.38;  21.94;  11.89;  37.69,  76.90,   0.14
  5.38;  22.33;  11.89;  37.10,  76.70,   0.14
  5.49;  22.77;  11.70;  36.44,  76.41,   0.14
  5.49;  22.77;  11.70;  36.44,  76.41,   0.14
  5.58;  23.10;  11.38;  35.74,  75.80,   0.14
  5.76;  23.39;  11.12;  35.06,  75.34,   0.14
  5.76;  23.39;  11.12;  35.06,  75.34,   0.14
  5.67;  23.54;  10.93;  34.79,  74.93,   0.14
  5.67;  23.54;  10.93;  34.79,  74.93,   0.14
  5.49;  23.43;  10.74;  34.68,  74.34,   0.14
  5.42;  23.06;  10.74;  34.71,  73.93,   0.14
  5.42;  23.06;  10.74;  34.71,  73.93,   0.14
  5.20;  22.81;  10.79;  34.99,  73.79,   0.14
  5.12;  22.46;  10.98;  35.31,  73.87,   0.14
  5.12;  22.46;  10.98;  35.31,  73.87,   0.14
  5.01;  22.21;  11.17;  35.75,  74.15,   0.14
  5.01;  22.21;  11.17;  35.75,  74.15,   0.14
  4.97;  22.05;  11.46;  36.41,  74.88,   0.15
  5.01;  21.89;  11.89;  37.39,  76.18,   0.15
  5.01;  21.89;  11.89;  37.39,  76.18,   0.15
  4.82;  21.37;  12.29;  38.35,  76.83,   0.15
  4.82;  21.37;  12.29;  38.35,  76.83,   0.15
  4.57;  20.64;  12.70;  39.45,  77.35,   0.15
  4.37;  19.95;  13.06;  40.42,  77.79,   0.15
  4.37;  19.95;  13.06;  40.42,  77.79,   0.15
  4.17;  19.21;  13.39;  41.24,  78.01,   0.15
  3.96;  18.54;  13.53;  41.67,  77.71,   0.15
  3.96;  18.54;  13.53;  41.67,  77.71,   0.15
  3.96;  18.23;  13.60;  41.76,  77.56,   0.15
  3.98;  18.05;  13.73;  41.80,  77.56,   0.15
  3.98;  18.05;  13.73;  41.80,  77.56,   0.15
  3.91;  17.74;  13.81;  41.72,  77.18,   0.15
  3.91;  17.74;  13.81;  41.72,  77.18,   0.15
  3.77;  17.40;  13.67;  41.21,  76.04,   0.15
  3.79;  17.06;  13.45;  40.58,  74.88,   0.15
  3.79;  17.06;  13.45;  40.58,  74.88,   0.15
  3.72;  16.64;  13.33;  40.05,  73.74,   0.15
  3.71;  16.38;  13.39;  39.92,  73.40,   0.15
  3.71;  16.38;  13.39;  39.92,  73.40,   0.15
  4.21;  16.05;  14.17;  40.08,  74.50,   0.15
  4.21;  16.05;  14.17;  40.08,  74.50,   0.15
  5.28;  15.91;  15.04;  40.26,  76.48,   0.15
  6.60;  15.76;  16.80;  40.19,  79.35,   0.15
  6.60;  15.76;  16.80;  40.19,  79.35,   0.15
  8.72;  15.67;  19.58;  39.61,  83.58,   0.15
 10.44;  15.05;  22.29;  37.76,  85.54,   0.15
 10.44;  15.05;  22.29;  37.76,  85.54,   0.15
 12.01;  14.21;  24.63;  35.35,  86.19,   0.15
 12.01;  14.21;  24.63;  35.35,  86.19,   0.15
 13.20;  13.26;  26.18;  32.36,  85.01,   0.15
 14.01;  12.32;  27.05;  29.53,  82.91,   0.15
 14.01;  12.32;  27.05;  29.53,  82.91,   0.15
 14.54;  11.37;  27.34;  26.97,  80.22,   0.15
 14.54;  11.37;  27.34;  26.97,  80.22,   0.15
 15.13;  10.68;  27.44;  24.91,  78.17,   0.15
 15.61;  10.04;  27.58;  23.39,  76.61,   0.15
 15.61;  10.04;  27.58;  23.39,  76.61,   0.15
 16.15;   9.60;  27.65;  22.24,  75.64,   0.15
 16.88;   9.36;  27.79;  21.64,  75.67,   0.15
 16.88;   9.36;  27.79;  21.64,  75.67,   0.15
 17.42;   9.01;  28.26;  21.51,  76.20,   0.15
 17.42;   9.01;  28.26;  21.51,  76.20,   0.15
 17.93;   8.68;  28.98;  21.81,  77.41,   0.15
 18.51;   8.23;  29.70;  22.21,  78.65,   0.15
 18.51;   8.23;  29.70;  22.21,  78.65,   0.15
 18.92;   7.61;  30.26;  22.72,  79.51,   0.15
 19.14;   6.89;  30.65;  22.75,  79.42,   0.15
 19.14;   6.89;  30.65;  22.75,  79.42,   0.15
 19.42;   6.60;  30.56;  22.37,  78.94,   0.15
 19.42;   6.60;  30.56;  22.37,  78.94,   0.15
 19.48;   6.30;  30.49;  22.10,  78.37,   0.15
 19.42;   6.22;  30.37;  21.93,  77.94,   0.15
 19.42;   6.22;  30.37;  21.93,  77.94,   0.15
 19.15;   6.12;  30.16;  21.74,  77.17,   0.15
 19.05;   5.97;  29.58;  21.31,  75.91,   0.15
 19.05;   5.97;  29.58;  21.31,  75.91,   0.15
 18.99;   5.99;  29.13;  21.21,  75.33,   0.15
 18.99;   5.99;  29.13;  21.21,  75.33,   0.15
 18.98;   6.53;  28.95;  22.40,  76.86,   0.15
 19.13;   7.58;  28.77;  22.80,  78.28,   0.15
 19.13;   7.58;  28.77;  22.80,  78.28,   0.15
 19.42;   8.86;  28.21;  23.10,  79.59,   0.15
 19.42;   8.86;  28.21;  23.10,  79.59,   0.15
 19.80;  10.09;  27.66;  22.85,  80.40,   0.15
 20.12;  11.24;  27.10;  22.60,  81.06,   0.15
 20.12;  11.24;  27.10;  22.60,  81.06,   0.15
 20.44;  12.03;  26.46;  21.98,  80.92,   0.15
 20.53;  12.49;  25.61;  21.35,  79.97,   0.15
 20.53;  12.49;  25.61;  21.35,  79.97,   0.15
 20.32;  12.61;  25.07;  20.89,  78.89,   0.15
 20.32;  12.61;  25.07;  20.89,  78.89,   0.15
 20.27;  12.72;  24.77;  20.61,  78.36,   0.15
 20.35;  12.97;  24.49;  20.42,  78.22,   0.15
 20.35;  12.97;  24.49;  20.42,  78.22,   0.15
 20.41;  13.26;  24.34;  20.38,  78.39,   0.15
 20.41;  13.26;  24.34;  20.38,  78.39,   0.15
 20.42;  13.38;  24.37;  20.39,  78.56,   0.15
 20.40;  13.52;  24.41;  20.42,  78.76,   0.15
 20.40;  13.52;  24.41;  20.42,  78.76,   0.15
 20.38;  13.64;  24.49;  20.58,  79.09,   0.16
 20.33;  13.67;  24.63;  20.73,  79.36,   0.16
 20.33;  13.67;  24.63;  20.73,  79.36,   0.16
 20.41;  14.00;  24.52;  20.78,  79.70,   0.16
 20.41;  14.00;  24.52;  20.78,  79.70,   0.16
 20.39;  14.13;  24.35;  20.75,  79.62,   0.16
 20.44;  14.28;  24.06;  20.72,  79.50,   0.16
 20.44;  14.28;  24.06;  20.72,  79.50,   0.16
 20.24;  14.46;  23.80;  20.73,  79.22,   0.16
 20.12;  14.48;  23.68;  21.01,  79.27,   0.16
 20.12;  14.48;  23.68;  21.01,  79.27,   0.16
 19.86;  14.53;  23.49;  21.18,  79.06,   0.16
 19.86;  14.53;  23.49;  21.18,  79.06,   0.16
 19.58;  14.57;  23.45;  21.49,  79.09,   0.16
 19.31;  14.42;  23.45;  21.72,  78.90,   0.16
 19.31;  14.42;  23.45;  21.72,  78.90,   0.16
 19.09;  14.36;  23.60;  21.98,  79.02,   0.16
 19.09;  14.36;  23.60;  21.98,  79.02,   0.16
 18.87;  14.40;  23.52;  22.15,  78.93,   0.16
 18.69;  14.37;  23.53;  22.32,  78.90,   0.16
 18.69;  14.37;  23.53;  22.32,  78.90,   0.16
 18.56;  14.40;  23.52;  22.51,  78.98,   0.16
 18.40;  14.41;  23.52;  22.71,  79.03,   0.16
 18.40;  14.41;  23.52;  22.71,  79.03,   0.16
 18.19;  14.37;  23.53;  22.90,  78.98,   0.16
 18.19;  14.37;  23.53;  22.90,  78.98,   0.16
 18.00;  14.29;  23.47;  23.10,  78.86,   0.16
 17.80;  14.24;  23.53;  23.29,  78.85,   0.16
 17.80;  14.24;  23.53;  23.29,  78.85,   0.16
 17.57;  14.11;  23.43;  23.47,  78.58,   0.16
 17.32;  14.00;  23.55;  23.76,  78.63,   0.16
 17.32;  14.00;  23.55;  23.76,  78.63,   0.16
 17.08;  13.82;  23.54;  23.96,  78.40,   0.16
 17.08;  13.82;  23.54;  23.96,  78.40,   0.16
 16.82;  13.77;  23.61;  24.13,  78.33,   0.16
 16.59;  13.60;  23.66;  24.42,  78.27,   0.16
 16.59;  13.60;  23.66;  24.42,  78.27,   0.16
 16.46;  13.45;  23.93;  24.81,  78.66,   0.16
 16.28;  13.27;  24.14;  25.22,  78.91,   0.16
 16.28;  13.27;  24.14;  25.22,  78.91,   0.16
 16.14;  13.15;  24.31;  25.54,  79.15,   0.16
 16.14;  13.15;  24.31;  25.54,  79.15,   0.16
 15.98;  13.03;  24.46;  25.88,  79.34,   0.16
 15.89;  13.06;  24.71;  26.20,  79.85,   0.16
 15.89;  13.06;  24.71;  26.20,  79.85,   0.16
 15.73;  13.03;  24.87;  26.51,  80.14,   0.16
 15.70;  13.00;  24.88;  26.62,  80.19,   0.16
 15.70;  13.00;  24.88;  26.62,  80.19,   0.16
 15.55;  12.89;  24.77;  26.56,  79.76,   0.16
 15.55;  12.89;  24.77;  26.56,  79.76,   0.16
 15.42;  12.83;  24.65;  26.38,  79.28,   0.16
 15.34;  12.75;  24.51;  26.36,  78.95,   0.16
 15.34;  12.75;  24.51;  26.36,  78.95,   0.16
 15.31;  12.67;  24.44;  26.35,  78.77,   0.16
 15.31;  12.67;  24.44;  26.35,  78.77,   0.16
 15.32;  12.72;  24.41;  26.36,  78.81,   0.16
 15.28;  12.69;  24.28;  26.34,  78.59,   0.16
 15.28;  12.69;  24.28;  26.34,  78.59,   0.16
 15.20;  12.65;  24.26;  26.47,  78.58,   0.16
 15.20;  12.71;  24.37;  26.66,  78.94,   0.16
 15.20;  12.71;  24.37;  26.66,  78.94,   0.16
 15.16;  12.74;  24.42;  26.79,  79.11,   0.16
 15.16;  12.74;  24.42;  26.79,  79.11,   0.16
 15.18;  12.81;  24.37;  26.80,  79.16,   0.16
 15.26;  12.78;  24.39;  26.83,  79.26,   0.16
 15.26;  12.78;  24.39;  26.83,  79.26,   0.16
 15.21;  12.80;  24.34;  26.88,  79.23,   0.16
 15.24;  12.80;  24.40;  26.88,  79.32,   0.16
 15.24;  12.80;  24.40;  26.87,  79.31,   0.16
 15.14;  12.83;  24.34;  26.92,  79.23,   0.16
 15.14;  12.83;  24.34;  26.92,  79.23,   0.16
 15.13;  12.78;  24.20;  26.84,  78.95,   0.16
 15.09;  12.81;  24.12;  26.93,  78.95,   0.16
 15.09;  12.81;  24.12;  26.93,  78.95,   0.16
 15.12;  12.84;  24.15;  26.90,  79.01,   0.16
 15.12;  12.84;  24.15;  26.90,  79.01,   0.16
 15.06;  12.79;  24.24;  27.08,  79.18,   0.16
 14.95;  12.94;  24.24;  27.28,  79.41,   0.16
 14.95;  12.94;  24.24;  27.28,  79.41,   0.16
 14.97;  12.88;  24.24;  27.26,  79.34,   0.16
 14.91;  12.79;  24.14;  27.28,  79.12,   0.16
 14.91;  12.79;  24.14;  27.28,  79.12,   0.17
 14.79;  12.86;  24.02;  27.25,  78.91,   0.17
 14.79;  12.86;  24.02;  27.25,  78.91,   0.17
 14.68;  12.73;  23.93;  27.14,  78.48,   0.17
 14.52;  12.69;  23.90;  27.03,  78.13,   0.17
 14.52;  12.69;  23.90;  27.03,  78.13,   0.17
 14.50;  12.60;  23.81;  27.08,  77.99,   0.17
 14.50;  12.60;  23.81;  27.08,  77.99,   0.17
 14.45;  12.61;  23.90;  27.27,  78.23,   0.17
 14.44;  12.64;  23.94;  27.40,  78.41,   0.17
 14.44;  12.64;  23.94;  27.40,  78.41,   0.17
 14.39;  12.62;  23.93;  27.41,  78.35,   0.17
 14.31;  12.51;  23.76;  27.23,  77.81,   0.17
 14.31;  12.51;  23.76;  27.23,  77.81,   0.17
 14.26;  12.50;  23.82;  27.25,  77.83,   0.17
 14.26;  12.50;  23.82;  27.25,  77.83,   0.17
 14.30;  12.54;  23.94;  27.24,  78.02,   0.17
 14.39;  12.57;  24.14;  27.42,  78.52,   0.17
 14.39;  12.57;  24.14;  27.42,  78.52,   0.17
 14.48;  12.58;  24.37;  27.64,  79.07,   0.17
 14.45;  12.58;  24.60;  27.67,  79.30,   0.17
 14.45;  12.57;  24.60;  27.67,  79.29,   0.17
 14.45;  12.55;  24.68;  27.77,  79.44,   0.17
 14.45;  12.55;  24.68;  27.77,  79.44,   0.17
 14.40;  12.50;  24.64;  27.59,  79.12,   0.17
 14.44;  12.44;  24.42;  27.42,  78.72,   0.17
 14.44;  12.44;  24.42;  27.42,  78.72,   0.17
 14.53;  12.49;  24.25;  27.28,  78.55,   0.17
 14.53;  12.49;  24.25;  27.28,  78.55,   0.17
 14.52;  12.42;  24.07;  27.09,  78.10,   0.17
 14.49;  12.36;  23.88;  26.92,  77.65,   0.17
 14.49;  12.36;  23.88;  26.92,  77.65,   0.17
 14.51;  12.28;  23.79;  26.88,  77.46,   0.17
 14.53;  12.28;  23.69;  26.87,  77.36,   0.17
 14.53;  12.28;  23.69;  26.87,  77.36,   0.17
 14.54;  12.29;  23.75;  26.95,  77.53,   0.17
 14.54;  12.29;  23.75;  26.95,  77.53,   0.17
 14.48;  12.29;  23.71;  27.07,  77.55,   0.17
 14.35;  12.17;  23.75;  27.22,  77.49,   0.17
 14.35;  12.17;  23.75;  27.22,  77.49,   0.17
 14.34;  12.17;  23.88;  27.39,  77.78,   0.17
 14.34;  12.17;  23.88;  27.39,  77.78,   0.17
 14.27;  12.22;  23.90;  27.63,  78.02,   0.17
 14.28;  12.29;  23.98;  27.83,  78.38,   0.17
 14.28;  12.29;  23.98;  27.83,  78.38,   0.17
 14.20;  12.28;  24.02;  28.00,  78.49,   0.17
 14.09;  12.22;  24.07;  28.26,  78.64,   0.17
 14.09;  12.22;  24.07;  28.26,  78.64,   0.17
 14.02;  12.25;  24.07;  28.43,  78.77,   0.17
 13.97;  12.17;  24.05;  28.53,  78.72,   0.17
 13.97;  12.17;  24.05;  28.53,  78.72,   0.17
 13.93;  12.13;  23.93;  28.61,  78.60,   0.17
 13.93;  12.13;  23.93;  28.61,  78.60,   0.17
 13.86;  12.11;  23.72;  28.67,  78.37,   0.17
 13.78;  12.10;  23.61;  28.83,  78.32,   0.17
 13.78;  12.10;  23.61;  28.83,  78.32,   0.17
 13.80;  12.16;  23.64;  29.08,  78.68,   0.17
 13.81;  12.19;  23.73;  29.22,  78.95,   0.17
 13.81;  12.19;  23.73;  29.22,  78.95,   0.17
 13.69;  12.21;  23.78;  29.42,  79.10,   0.17
 13.69;  12.21;  23.78;  29.42,  79.10,   0.17
 13.64;  12.19;  23.94;  29.69,  79.46,   0.17
 13.55;  12.18;  23.97;  30.06,  79.77,   0.17
 13.55;  12.18;  23.97;  30.06,  79.77,   0.17
 13.42;  12.20;  24.01;  30.36,  79.98,   0.17
 13.26;  12.10;  23.88;  30.36,  79.60,   0.17
 13.26;  12.10;  23.88;  30.36,  79.60,   0.17
 13.11;  12.06;  23.56;  30.30,  79.02,   0.17
 13.11;  12.06;  23.56;  30.30,  79.02,   0.17
 12.96;  11.96;  23.28;  30.13,  78.33,   0.17
 12.82;  11.85;  23.06;  29.99,  77.73,   0.17
 12.82;  11.85;  23.06;  29.99,  77.73,   0.17
 12.72;  11.75;  22.88;  30.05,  77.40,   0.17
 12.58;  11.66;  22.85;  30.11,  77.20,   0.17
 12.58;  11.66;  22.85;  30.11,  77.20,   0.17
 12.64;  11.77;  22.83;  30.18,  77.42,   0.17
 12.64;  11.77;  22.83;  30.18,  77.42,   0.17
 12.59;  11.81;  22.79;  30.22,  77.41,   0.17
 12.57;  11.90;  22.73;  30.26,  77.46,   0.17
 12.57;  11.90;  22.73;  30.26,  77.46,   0.17
 12.57;  11.94;  22.92;  30.50,  77.93,   0.17
 12.57;  11.94;  22.92;  30.50,  77.93,   0.18
 12.67;  11.97;  23.11;  30.75,  78.50,   0.18
 12.66;  12.10;  23.36;  30.96,  79.08,   0.18
 12.66;  12.10;  23.36;  30.96,  79.08,   0.18
 12.75;  12.25;  23.49;  31.20,  79.70,   0.18
 12.71;  12.24;  23.69;  31.27,  79.90,   0.18
 12.71;  12.24;  23.69;  31.27,  79.90,   0.18
 12.71;  12.24;  23.55;  31.21,  79.71,   0.18
 12.71;  12.24;  23.55;  31.21,  79.71,   0.18
 12.67;  12.31;  23.36;  30.99,  79.34,   0.18
 12.73;  12.29;  23.15;  30.66,  78.83,   0.18
 12.73;  12.29;  23.15;  30.66,  78.83,   0.18
 12.75;  12.35;  22.99;  30.59,  78.68,   0.18
 12.75;  12.41;  22.94;  30.60,  78.70,   0.18
 12.75;  12.41;  22.94;  30.60,  78.70,   0.18
 12.78;  12.48;  22.82;  30.45,  78.53,   0.18
 12.78;  12.48;  22.82;  30.45,  78.53,   0.18
 12.73;  12.40;  22.64;  30.28,  78.04,   0.18
 12.67;  12.43;  22.54;  30.19,  77.82,   0.18
 12.67;  12.43;  22.54;  30.19,  77.82,   0.18
 12.65;  12.51;  22.64;  30.32,  78.11,   0.18
 12.65;  12.51;  22.64;  30.32,  78.11,   0.18
 12.74;  12.51;  22.86;  30.50,  78.60,   0.18
 12.76;  12.61;  22.84;  30.48,  78.69,   0.18
 12.76;  12.61;  22.84;  30.48,  78.69,   0.18
 12.68;  12.50;  22.65;  30.30,  78.12,   0.18
 12.66;  12.58;  22.47;  30.02,  77.73,   0.18
 12.66;  12.58;  22.47;  30.02,  77.73,   0.18
 12.66;  12.53;  22.25;  29.74,  77.18,   0.18
 12.66;  12.53;  22.25;  29.74,  77.18,   0.18
 12.59;  12.49;  22.31;  29.49,  76.88,   0.18
 12.60;  12.46;  22.38;  29.39,  76.83,   0.18
 12.60;  12.46;  22.38;  29.39,  76.83,   0.18
 12.67;  12.51;  22.51;  29.39,  77.07,   0.18
 12.67;  12.51;  22.51;  29.39,  77.07,   0.18
 12.68;  12.55;  22.70;  29.54,  77.46,   0.18
 12.70;  12.52;  22.83;  29.68,  77.72,   0.18
 12.70;  12.52;  22.83;  29.68,  77.72,   0.18
 12.67;  12.49;  22.83;  29.77,  77.75,   0.18
 12.66;  12.52;  22.74;  29.77,  77.68,   0.18
 12.66;  12.52;  22.74;  29.77,  77.68,   0.18
 12.59;  12.52;  22.76;  29.79,  77.65,   0.18
 12.59;  12.52;  22.76;  29.79,  77.65,   0.18
 12.50;  12.55;  22.75;  29.96,  77.75,   0.18
 12.54;  12.54;  22.80;  30.07,  77.95,   0.18
 12.54;  12.54;  22.80;  30.07,  77.95,   0.18
 12.56;  12.55;  22.82;  30.31,  78.24,   0.18
 12.56;  12.67;  22.78;  30.55,  78.55,   0.18
 12.56;  12.67;  22.78;  30.55,  78.55,   0.18
 12.54;  12.63;  22.84;  30.72,  78.73,   0.18
 12.54;  12.63;  22.84;  30.72,  78.73,   0.18
 12.60;  12.82;  23.10;  31.11,  79.63,   0.18
 12.77;  12.94;  23.32;  31.52,  80.55,   0.18
 12.77;  12.94;  23.32;  31.52,  80.55,   0.18
 12.84;  12.97;  23.26;  31.60,  80.67,   0.18
 12.84;  12.97;  23.26;  31.60,  80.67,   0.18
 12.78;  12.96;  23.17;  31.61,  80.52,   0.18
 12.82;  13.01;  23.06;  31.56,  80.44,   0.18
 12.82;  13.01;  23.06;  31.56,  80.44,   0.18
 12.81;  12.93;  22.92;  31.60,  80.26,   0.18
 12.70;  12.92;  22.77;  31.53,  79.91,   0.18
 12.70;  12.92;  22.77;  31.53,  79.91,   0.18
 12.65;  12.89;  22.59;  31.37,  79.49,   0.18
 12.65;  12.89;  22.59;  31.37,  79.49,   0.18
 12.66;  12.92;  22.53;  31.37,  79.47,   0.18
 12.71;  12.96;  22.70;  31.58,  79.94,   0.18
 12.71;  12.96;  22.70;  31.58,  79.94,   0.18
 12.75;  13.00;  22.74;  31.67,  80.15,   0.18
 12.73;  12.96;  22.83;  31.64,  80.15,   0.18
 12.73;  12.96;  22.83;  31.64,  80.15,   0.18
 12.69;  12.86;  22.72;  31.60,  79.86,   0.18
 12.69;  12.86;  22.72;  31.60,  79.86,   0.18
 12.66;  12.89;  22.67;  31.59,  79.80,   0.18
 12.86;  12.86;  22.76;  31.66,  80.14,   0.18
 12.86;  12.86;  22.76;  31.66,  80.14,   0.18
 12.91;  12.90;  22.86;  31.74,  80.40,   0.18
 12.91;  12.90;  22.86;  31.74,  80.40,   0.18
 12.85;  12.93;  22.89;  31.70,  80.37,   0.18
 12.88;  12.87;  22.84;  31.53,  80.11,   0.18
 12.88;  12.87;  22.84;  31.53,  80.11,   0.18
 12.88;  12.85;  22.72;  31.54,  79.98,   0.18
 12.92;  12.93;  22.67;  31.44,  79.95,   0.18
 12.92;  12.93;  22.67;  31.44,  79.95,   0.19
 12.80;  12.81;  22.44;  31.03,  79.09,   0.19
 12.80;  12.81;  22.44;  31.03,  79.09,   0.19
 12.86;  12.64;  22.38;  30.77,  78.65,   0.19
 12.79;  12.57;  22.37;  30.70,  78.44,   0.19
 12.79;  12.57;  22.37;  30.70,  78.44,   0.19
 12.77;  12.44;  22.41;  30.59,  78.22,   0.19
 12.68;  12.35;  22.36;  30.66,  78.05,   0.19
 12.68;  12.35;  22.36;  30.66,  78.05,   0.19
 12.62;  12.32;  22.35;  30.78,  78.08,   0.19
 12.62;  12.32;  22.35;  30.78,  78.08,   0.19
 12.51;  12.20;  22.40;  30.78,  77.89,   0.19
 12.53;  12.25;  22.39;  30.66,  77.84,   0.19
 12.53;  12.25;  22.39;  30.66,  77.84,   0.19
 12.55;  12.15;  22.42;  30.60,  77.73,   0.19
 12.55;  12.15;  22.42;  30.60,  77.73,   0.19
 12.54;  12.22;  22.40;  30.58,  77.75,   0.19
 12.54;  12.19;  22.52;  30.59,  77.84,   0.19
 12.54;  12.19;  22.52;  30.59,  77.84,   0.19
 12.61;  12.14;  22.54;  30.66,  77.95,   0.19
 12.52;  12.06;  22.75;  30.67,  78.00,   0.19
 12.52;  12.06;  22.75;  30.67,  78.00,   0.19
 12.53;  11.96;  22.88;  30.71,  78.08,   0.19
 12.53;  11.96;  22.88;  30.71,  78.08,   0.19
 12.44;  11.87;  22.97;  30.75,  78.03,   0.19
 12.32;  11.84;  23.12;  30.77,  78.05,   0.19
 12.32;  11.84;  23.12;  30.77,  78.05,   0.19
 12.34;  11.79;  23.27;  30.85,  78.25,   0.19
 12.29;  11.75;  23.45;  30.97,  78.47,   0.19
 12.29;  11.75;  23.45;  30.97,  78.47,   0.19
 12.29;  11.66;  23.54;  31.01,  78.50,   0.19
 12.29;  11.66;  23.54;  31.01,  78.50,   0.19
 12.27;  11.69;  23.62;  31.11,  78.69,   0.19
 12.26;  11.75;  23.65;  31.10,  78.76,   0.19
 12.26;  11.75;  23.65;  31.10,  78.76,   0.19
 12.20;  11.76;  23.71;  31.05,  78.72,   0.19
 12.16;  11.65;  23.79;  31.17,  78.77,   0.19
 12.16;  11.65;  23.79;  31.17,  78.77,   0.19
 12.08;  11.56;  23.89;  31.19,  78.72,   0.19
 12.08;  11.56;  23.89;  31.19,  78.72,   0.19
 11.94;  11.55;  23.87;  31.30,  78.65,   0.19
 11.87;  11.42;  23.91;  31.19,  78.39,   0.19
 11.87;  11.42;  23.91;  31.19,  78.39,   0.19
 11.85;  11.41;  24.01;  31.30,  78.56,   0.19
 11.85;  11.41;  24.01;  31.30,  78.56,   0.19
 11.87;  11.42;  24.35;  31.65,  79.29,   0.19
 11.91;  11.53;  24.83;  32.12,  80.38,   0.19
 11.91;  11.53;  24.83;  32.12,  80.38,   0.19
 11.95;  11.65;  25.01;  32.41,  81.02,   0.19
 11.95;  11.55;  25.10;  32.30,  80.89,   0.19
 11.95;  11.55;  25.10;  32.30,  80.89,   0.19
 11.76;  11.49;  24.75;  32.05,  80.04,   0.19
 11.76;  11.49;  24.75;  32.05,  80.04,   0.19
 11.67;  11.32;  24.45;  31.67,  79.11,   0.19
 11.57;  11.25;  24.33;  31.52,  78.66,   0.19
 11.57;  11.25;  24.33;  31.52,  78.66,   0.19
 11.48;  11.21;  24.23;  31.34,  78.26,   0.19
 11.48;  11.21;  24.29;  31.34,  78.32,   0.19
 11.44;  11.17;  24.29;  31.38,  78.28,   0.19
 11.52;  11.20;  24.39;  31.50,  78.61,   0.19
 11.52;  11.20;  24.39;  31.50,  78.61,   0.19
 11.47;  11.17;  24.48;  31.51,  78.63,   0.19
 11.48;  11.17;  24.57;  31.55,  78.76,   0.19
 11.48;  11.17;  24.57;  31.55,  78.76,   0.19
 11.55;  11.23;  24.77;  31.73,  79.27,   0.19
 11.55;  11.23;  24.77;  31.73,  79.27,   0.19
 11.62;  11.28;  24.86;  31.82,  79.57,   0.19
 11.58;  11.31;  24.79;  31.78,  79.45,   0.19
 11.58;  11.31;  24.79;  31.78,  79.45,   0.19
 11.64;  11.37;  24.69;  31.75,  79.43,   0.19
 11.56;  11.37;  24.73;  31.76,  79.42,   0.19
 11.56;  11.37;  24.73;  31.76,  79.42,   0.19
 11.53;  11.31;  24.62;  31.76,  79.22,   0.19
 11.53;  11.31;  24.62;  31.76,  79.22,   0.19
 11.45;  11.24;  24.53;  31.75,  78.96,   0.19
 11.33;  11.35;  24.36;  31.67,  78.71,   0.19
 11.33;  11.35;  24.36;  31.67,  78.71,   0.19
 11.38;  11.27;  24.23;  31.56,  78.45,   0.19
 11.38;  11.27;  24.23;  31.56,  78.45,   0.19
 11.34;  11.23;  24.20;  31.60,  78.38,   0.19
 11.30;  11.15;  24.28;  31.66,  78.39,   0.19
 11.30;  11.15;  24.28;  31.66,  78.39,   0.19
 11.27;  11.10;  24.33;  31.72,  78.41,   0.20
 11.21;  11.05;  24.38;  31.70,  78.34,   0.20
 11.21;  11.05;  24.38;  31.70,  78.34,   0.20
 11.27;  11.14;  24.46;  31.74,  78.60,   0.20
 11.27;  11.14;  24.46;  31.74,  78.60,   0.20
 11.27;  11.04;  24.49;  31.85,  78.65,   0.20
 11.30;  11.03;  24.69;  31.91,  78.93,   0.20
 11.30;  11.03;  24.69;  31.91,  78.93,   0.20
 11.27;  11.02;  24.69;  32.02,  78.99,   0.20
 11.36;  11.02;  24.72;  31.99,  79.09,   0.20
 11.36;  11.02;  24.72;  31.99,  79.09,   0.20
 11.42;  11.07;  24.71;  31.90,  79.09,   0.20
 11.42;  11.07;  24.71;  31.90,  79.09,   0.20
 11.44;  11.09;  24.75;  31.77,  79.05,   0.20
 11.39;  11.00;  24.78;  31.78,  78.95,   0.20
 11.39;  11.00;  24.78;  31.78,  78.95,   0.20
 11.40;  10.95;  24.76;  31.67,  78.78,   0.20
 11.47;  10.88;  24.84;  31.70,  78.89,   0.20
 11.47;  10.88;  24.84;  31.70,  78.89,   0.20
 11.48;  10.89;  24.93;  31.67,  78.97,   0.20
 11.48;  10.89;  24.93;  31.67,  78.97,   0.20
 11.48;  10.86;  25.11;  31.70,  79.15,   0.20
 11.47;  10.72;  25.19;  31.64,  79.02,   0.20
 11.47;  10.72;  25.19;  31.64,  79.02,   0.20
 11.54;  10.55;  25.40;  31.51,  79.00,   0.20
 11.54;  10.55;  25.40;  31.51,  79.00,   0.20
 11.55;  10.42;  25.53;  31.32,  78.81,   0.20
 11.63;  10.34;  25.64;  31.06,  78.67,   0.20
 11.63;  10.34;  25.64;  31.06,  78.67,   0.20
 11.70;  10.25;  25.77;  30.94,  78.66,   0.20
 11.88;  10.18;  26.12;  30.86,  79.04,   0.20
 11.88;  10.18;  26.12;  30.86,  79.04,   0.20
 12.03;  10.14;  26.34;  30.80,  79.33,   0.20
 12.03;  10.14;  26.34;  30.80,  79.33,   0.20
 12.15;  10.14;  26.54;  30.70,  79.53,   0.20
 12.24;  10.03;  26.67;  30.74,  79.67,   0.20
 12.24;  10.03;  26.67;  30.74,  79.67,   0.20
 12.14;  10.04;  26.73;  30.72,  79.62,   0.20
 12.14;  10.04;  26.73;  30.72,  79.62,   0.20
 12.08;  10.04;  26.68;  30.86,  79.66,   0.20
 11.93;  10.05;  26.56;  30.91,  79.45,   0.20
 11.93;  10.05;  26.56;  30.91,  79.45,   0.20
 11.89;  10.09;  26.12;  30.97,  79.08,   0.20
 12.56;  10.39;  24.92;  30.69,  78.56,   0.20
 12.56;  10.39;  24.92;  30.69,  78.56,   0.20
 13.48;  10.85;  23.23;  30.31,  77.87,   0.20
 13.48;  10.85;  23.23;  30.31,  77.87,   0.20
 14.35;  11.38;  21.34;  30.08,  77.15,   0.20
 15.10;  12.17;  19.43;  30.29,  77.00,   0.20
 15.10;  12.17;  19.43;  30.29,  77.00,   0.20
 15.63;  13.27;  17.66;  31.12,  77.68,   0.20
 15.50;  14.39;  16.48;  32.64,  79.01,   0.20
 15.50;  14.39;  16.48;  32.64,  79.01,   0.20
 14.84;  15.52;  16.28;  34.80,  81.44,   0.20
 14.84;  15.52;  16.28;  34.80,  81.44,   0.20
 13.59;  16.40;  16.16;  37.32,  83.47,   0.20
 11.49;  16.66;  15.78;  39.74,  83.67,   0.20
 11.49;  16.66;  15.78;  39.74,  83.67,   0.20
  8.93;  16.80;  15.06;  41.41,  82.20,   0.20
  8.93;  16.80;  15.06;  41.41,  82.20,   0.20
  6.53;  17.11;  14.37;  42.32,  80.33,   0.20
  5.04;  17.56;  13.96;  42.72,  79.29,   0.20
  5.04;  17.56;  13.96;  42.72,  79.29,   0.20
  4.17;  17.85;  13.52;  42.69,  78.23,   0.20
  3.64;  18.22;  13.25;  42.31,  77.42,   0.20
  3.64;  18.22;  13.25;  42.31,  77.42,   0.20
  3.68;  18.61;  13.10;  41.74,  77.13,   0.20
  3.68;  18.61;  13.10;  41.74,  77.13,   0.20
  3.78;  18.87;  12.89;  41.07,  76.61,   0.20
  3.87;  19.09;  12.61;  40.18,  75.74,   0.20
  3.87;  19.09;  12.61;  40.18,  75.74,   0.20
  3.85;  19.09;  12.25;  39.15,  74.33,   0.20
  3.90;  19.28;  12.06;  38.30,  73.55,   0.20
  3.90;  19.28;  12.06;  38.30,  73.55,   0.20
  3.96;  19.32;  11.93;  37.93,  73.14,   0.20
  3.96;  19.32;  11.93;  37.93,  73.14,   0.20
  4.02;  19.33;  12.05;  37.94,  73.34,   0.20
  4.04;  19.29;  12.37;  38.45,  74.16,   0.20
  4.04;  19.29;  12.37;  38.45,  74.16,   0.20
  4.16;  19.52;  12.62;  39.24,  75.54,   0.20
  4.15;  19.62;  12.82;  39.95,  76.53,   0.20
  4.15;  19.62;  12.82;  39.95,  76.53,   0.21
  4.15;  19.63;  13.06;  40.50,  77.33,   0.21
  4.15;  19.63;  13.06;  40.50,  77.33,   0.21
  4.09;  19.55;  13.12;  40.64,  77.40,   0.21
  4.08;  19.36;  13.10;  40.53,  77.06,   0.21
  4.08;  19.36;  13.10;  40.53,  77.06,   0.21
  4.00;  19.11;  13.00;  40.33,  76.44,   0.21
  3.92;  18.75;  12.90;  40.10,  75.67,   0.21
  3.92;  18.75;  12.90;  40.10,  75.67,   0.21
  3.72;  18.27;  12.69;  39.48,  74.15,   0.21
  3.72;  18.27;  12.69;  39.48,  74.15,   0.21
  3.52;  17.53;  12.32;  38.52,  71.90,   0.21
  3.35;  16.95;  12.01;  37.63,  69.94,   0.21
  3.35;  16.95;  12.01;  37.63,  69.94,   0.21
  3.18;  16.33;  11.62;  36.73,  67.87,   0.21
  3.18;  16.33;  11.62;  36.73,  67.87,   0.21
  2.93;  15.39;  11.15;  35.28,  64.76,   0.21
  2.69;  14.35;  10.52;  33.60,  61.16,   0.21
  2.69;  14.35;  10.52;  33.60,  61.16,   0.21
  2.66;  14.39;  10.37;  33.38,  60.80,   0.21
  2.75;  14.62;  10.69;  33.97,  62.02,   0.21
  2.75;  14.62;  10.69;  33.97,  62.02,   0.21
  2.68;  14.62;  10.43;  33.60,  61.33,   0.21
  2.68;  14.62;  10.43;  33.60,  61.33,   0.21
  2.49;  13.79;   9.67;  31.54,  57.49,   0.21
  2.24;  13.22;   8.77;  29.07,  53.31,   0.21
  2.24;  13.22;   8.77;  29.07,  53.31,   0.21
  2.06;  12.38;   7.84;  26.43,  48.71,   0.21
  1.82;  11.46;   7.06;  24.11,  44.44,   0.21
  1.82;  11.46;   7.06;  24.11,  44.44,   0.21
  1.63;  10.59;   6.27;  21.70,  40.19,   0.21
  1.63;  10.59;   6.27;  21.70,  40.19,   0.21
  1.29;   9.49;   5.33;  18.91,  35.01,   0.21
  1.11;   8.41;   4.37;  16.34,  30.23,   0.21
  1.11;   8.41;   4.37;  16.34,  30.23,   0.21
  0.84;   7.24;   3.46;  13.48,  25.01,   0.21
  0.46;   5.82;   2.35;  10.34,  18.97,   0.21
  0.46;   5.82;   2.35;  10.34,  18.97,   0.21
  0.18;   4.56;   1.32;   7.57,  13.62,   0.21
  0.18;   4.56;   1.32;   7.57,  13.62,   0.21
  0.00;   3.14;   0.41;   4.77,   8.32,   0.21
  0.00;   1.80;   0.00;   2.45,   4.25,   0.21
  0.00;   1.80;   0.00;   2.45,   4.25,   0.21
  0.00;   0.56;   0.00;   0.66,   1.22,   0.21
  0.00;   0.56;   0.00;   0.66,   1.22,   0.21
  0.00;   0.00;   0.00;   0.00,   0.00,   0.21
  0.00;   0.00;   0.00;   0.00,   0.00,   0.21
  0.00;   0.00;   0.00;   0.00,   0.00,   0.21
  0.00;   0.00;   0.00;   0.00,   0.00,   0.21
  0.00;   0.00;   0.00;   0.00,   0.00,   0.21
  0.00;   0.00;   0.00;   0.00,   0.00,   0.21
  0.00;   0.00;   0.00;   0.00,   0.00,   0.21
  0.00;   0.00;   0.00;   0.00,   0.00,   0.21
  0.00;   0.00;   0.00;   0.00,   0.00,   0.21
  0.00;   0.00;   0.00;   0.00,   0.00,   0.21
  0.00;   0.00;   0.00;   0.00,   0.00,   0.21
  0.00;   0.00;   0.00;   0.00,   0.00,   0.21
  0.00;   0.00;   0.00;   0.00,   0.00,   0.21
  0.00;   0.00;   0.00;   0.00,   0.00,   0.21
  0.00;   0.00;   0.00;   0.00,   0.00,   0.21
  0.00;   0.00;   0.00;   0.00,   0.00,   0.21
  0.00;   0.00;   0.00;   0.00,   0.00,   0.21
  0.00;   0.00;   0.00;   0.00,   0.00,   0.21
  0.00;   0.00;   0.00;   0.00,   0.00,   0.21
  0.00;   0.00;   0.00;   0.00,   0.00,   0.21
  0.00;   0.00;   0.00;   0.00,   0.00,   0.21
  0.00;   0.00;   0.00;   0.00,   0.00,   0.21
  0.00;   0.00;   0.00;   0.00,   0.00,   0.21
  0.00;   0.00;   0.00;   0.00,   0.00,   0.21
  0.00;   0.00;   0.00;   0.00,   0.00,   0.21
  0.00;   0.00;   0.00;   0.00,   0.00,   0.21
  0.00;   0.00;   0.00;   0.00,   0.00,   0.21
  0.00;   0.00;   0.00;   0.00,   0.00,   0.21
  0.00;   0.00;   0.00;   0.00,   0.00,   0.21
  0.00;   0.00;   0.00;   0.00,   0.00,   0.21
  0.00;   0.00;   0.00;   0.00,   0.00,   0.21
  0.00;   0.00;   0.00;   0.00,   0.00,   0.21
  0.00;   0.00;   0.00;   0.00,   0.00,   0.21
  0.00;   0.00;   0.00;   0.00,   0.00,   0.21
  0.00;   0.00;   0.00;   0.00,   0.00,   0.21
  0.00;   0.00;   0.00;   0.00,   0.00,   0.21
  0.00;   0.00;   0.00;   0.00,   0.00,   0.22
  0.00;   0.00;   0.00;   0.00,   0.00,   0.22
  0.00;   0.00;   0.00;   0.00,   0.00,   0.22
  0.00;   0.00;   0.00;   0.00,   0.00,   0.22
  0.00;   0.00;   0.00;   0.00,   0.00,   0.22
  0.00;   0.00;   0.00;   0.00,   0.00,   0.22
  0.00;   0.00;   0.00;   0.00,   0.00,   0.22
  0.00;   0.00;   0.00;   0.00,   0.00,   0.22
  0.00;   0.00;   0.00;   0.00,   0.00,   0.22
  0.00;   0.00;   0.00;   0.00,   0.00,   0.22
  0.00;   0.00;   0.00;   0.00,   0.00,   0.22
  0.00;   0.00;   0.00;   0.00,   0.00,   0.22
  0.00;   0.00;   0.00;   0.00,   0.00,   0.22
  0.00;   0.00;   0.00;   0.00,   0.00,   0.22
  0.00;   0.00;   0.00;   0.00,   0.00,   0.22
  0.00;   0.00;   0.00;   0.00,   0.00,   0.22
  0.00;   0.00;   0.00;   0.00,   0.00,   0.22
  0.00;   0.00;   0.00;   0.00,   0.00,   0.22
  0.00;   0.00;   0.00;   0.00,   0.00,   0.22
  0.00;   0.00;   0.00;   0.00,   0.00,   0.22
  0.00;   0.00;   0.00;   0.00,   0.00,   0.22
  0.00;   0.00;   0.00;   0.00,   0.00,   0.22
  0.00;   0.00;   0.00;   0.00,   0.00,   0.22
  0.00;   0.00;   0.00;   0.00,   0.00,   0.22
  0.00;   0.00;   0.00;   0.00,   0.00,   0.22
  0.00;   0.00;   0.00;   0.00,   0.00,   0.22
  0.00;   0.00;   0.00;   0.00,   0.00,   0.22
  0.00;   0.00;   0.00;   0.00,   0.00,   0.22
  0.00;   0.00;   0.00;   0.00,   0.00,   0.22
  0.00;   0.00;   0.00;   0.00,   0.00,   0.22
  0.00;   0.00;   0.00;   0.00,   0.00,   0.22
  0.00;   0.00;   0.00;   0.00,   0.00,   0.22
  0.00;   0.00;   0.00;   0.00,   0.00,   0.22
  0.00;   0.00;   0.00;   0.00,   0.00,   0.22
  0.00;   0.00;   0.00;   0.00,   0.00,   0.22
  0.00;   0.00;   0.00;   0.00,   0.00,   0.22
  0.00;   0.00;   0.00;   0.00,   0.00,   0.22
  0.00;   0.00;   0.00;   0.00,   0.00,   0.22
  0.00;   0.00;   0.00;   0.00,   0.00,   0.22
  0.00;   0.00;   0.00;   0.00,   0.00,   0.22
  0.00;   0.00;   0.00;   0.00,   0.00,   0.22
  0.00;   0.00;   0.00;   0.00,   0.00,   0.22
  0.00;   0.00;   0.00;   0.00,   0.00,   0.22
  0.00;   0.00;   0.00;   0.00,   0.00,   0.22
  0.00;   0.00;   0.00;   0.00,   0.00,   0.22
  0.00;   0.00;   0.00;   0.00,   0.00,   0.22
  0.00;   0.00;   0.00;   0.00,   0.00,   0.22
  0.00;   0.00;   0.00;   0.00,   0.00,   0.22
  0.00;   0.00;   0.00;   0.00,   0.00,   0.22
  0.00;   0.00;   0.00;   0.00,   0.00,   0.22
  0.00;   0.00;   0.00;   0.00,   0.00,   0.22
  0.00;   0.00;   0.00;   0.00,   0.00,   0.22
  0.00;   0.00;   0.00;   0.00,   0.00,   0.22
  0.00;   0.00;   0.00;   0.00,   0.00,   0.22
  0.00;   0.00;   0.00;   0.00,   0.00,   0.22
  0.00;   0.00;   0.00;   0.00,   0.00,   0.22
  0.00;   0.00;   0.00;   0.00,   0.00,   0.22
  0.00;   0.00;   0.00;   0.00,   0.00,   0.22
  0.00;   0.00;   0.00;   0.00,   0.00,   0.22
  0.00;   0.00;   0.00;   0.00,   0.00,   0.22
  0.00;   0.00;   0.00;   0.00,   0.00,   0.22
  0.00;   0.00;   0.00;   0.00,   0.00,   0.22
  0.00;   0.00;   0.00;   0.00,   0.00,   0.22
  0.00;   0.00;   0.00;   0.00,   0.00,   0.22
  0.00;   0.00;   0.00;   0.00,   0.00,   0.22
  0.00;   0.00;   0.00;   0.00,   0.00,   0.22
  0.00;   0.00;   0.00;   0.00,   0.00,   0.22
  0.00;   0.00;   0.00;   0.00,   0.00,   0.22
  0.00;   0.00;   0.00;   0.00,   0.00,   0.22
  0.00;   0.00;   0.00;   0.00,   0.00,   0.22
  0.00;   0.00;   0.00;   0.00,   0.00,   0.22
  0.00;   0.00;   0.00;   0.00,   0.00,   0.22
  0.00;   0.00;   0.00;   0.00,   0.00,   0.22
  0.00;   0.00;   0.00;   0.00,   0.00,   0.22
  0.00;   0.00;   0.00;   0.00,   0.00,   0.22
  0.00;   0.00;   0.00;   0.00,   0.00,   0.22
  0.00;   0.00;   0.00;   0.00,   0.00,   0.22
  0.00;   0.00;   0.00;   0.00,   0.00,   0.22
  0.00;   0.00;   0.00;   0.00,   0.00,   0.22
  0.00;   0.00;   0.00;   0.00,   0.00,   0.22
  0.00;   0.00;   0.00;   0.00,   0.00,   0.22
  0.00;   0.00;   0.00;   0.00,   0.00,   0.22
  0.00;   0.00;   0.00;   0.00,   0.00,   0.22
  0.00;   0.00;   0.00;   0.00,   0.00,   0.23
  0.00;   0.00;   0.00;   0.00,   0.00,   0.23
  0.00;   0.00;   0.00;   0.00,   0.00,   0.23
  0.00;   0.00;   0.00;   0.00,   0.00,   0.23
  0.00;   0.00;   0.00;   0.00,   0.00,   0.23
  0.00;   0.00;   0.00;   0.00,   0.00,   0.23
  0.00;   0.00;   0.00;   0.00,   0.00,   0.23
  0.00;   0.00;   0.00;   0.00,   0.00,   0.23
  0.00;   0.00;   0.00;   0.00,   0.00,   0.23
  0.00;   0.00;   0.00;   0.00,   0.00,   0.23
  0.00;   0.00;   0.00;   0.00,   0.00,   0.23
  0.00;   0.00;   0.00;   0.00,   0.00,   0.23
  0.00;   0.00;   0.00;   0.00,   0.00,   0.23
  0.00;   0.00;   0.00;   0.00,   0.00,   0.23
  0.00;   0.00;   0.00;   0.00,   0.00,   0.23
  0.00;   0.00;   0.00;   0.00,   0.00,   0.23
  0.00;   0.00;   0.00;   0.00,   0.00,   0.23
  0.00;   0.00;   0.00;   0.00,   0.00,   0.23
  0.00;   0.00;   0.00;   0.00,   0.00,   0.23
  0.00;   0.00;   0.00;   0.00,   0.00,   0.23
  0.00;   0.00;   0.00;   0.00,   0.00,   0.23
  0.00;   0.00;   0.00;   0.00,   0.00,   0.23
  0.00;   0.00;   0.00;   0.00,   0.00,   0.23
  0.00;   0.00;   0.00;   0.00,   0.00,   0.23
  0.00;   0.00;   0.00;   0.00,   0.00,   0.23
  0.00;   0.00;   0.00;   0.00,   0.00,   0.23
  0.00;   0.00;   0.00;   0.00,   0.00,   0.23
  0.00;   0.00;   0.00;   0.00,   0.00,   0.23
  0.00;   0.00;   0.00;   0.00,   0.00,   0.23
  0.00;   0.00;   0.00;   0.00,   0.00,   0.23
  0.00;   0.00;   0.00;   0.00,   0.00,   0.23
  0.00;   0.00;   0.00;   0.00,   0.00,   0.23
  0.00;   0.00;   0.00;   0.00,   0.00,   0.23
  0.00;   0.00;   0.00;   0.00,   0.00,   0.23
  0.00;   0.00;   0.00;   0.00,   0.00,   0.23
  0.00;   0.00;   0.00;   0.00,   0.00,   0.23
  0.00;   0.00;   0.00;   0.00,   0.00,   0.23
  0.00;   0.00;   0.00;   0.00,   0.00,   0.23
  0.00;   0.00;   0.00;   0.00,   0.00,   0.23
  0.00;   0.00;   0.00;   0.00,   0.00,   0.23
  0.00;   0.00;   0.00;   0.00,   0.00,   0.23
  0.00;   0.00;   0.00;   0.00,   0.00,   0.23
  0.00;   0.00;   0.00;   0.00,   0.00,   0.23
  0.00;   0.00;   0.00;   0.00,   0.00,   0.23
  0.00;   0.00;   0.00;   0.00,   0.00,   0.23
  0.00;   0.00;   0.00;   0.00,   0.00,   0.23
  0.00;   0.00;   0.00;   0.00,   0.00,   0.23
  0.00;   0.00;   0.00;   0.00,   0.00,   0.23
  0.00;   0.00;   0.00;   0.00,   0.00,   0.23
  0.00;   0.00;   0.00;   0.00,   0.00,   0.23
  0.00;   0.00;   0.00;   0.00,   0.00,   0.23
  0.00;   0.00;   0.00;   0.00,   0.00,   0.23
  0.00;   0.00;   0.00;   0.00,   0.00,   0.23
  0.00;   0.00;   0.00;   0.00,   0.00,   0.23
  0.00;   0.00;   0.00;   0.00,   0.00,   0.23
  0.00;   0.00;   0.00;   0.00,   0.00,   0.23
  0.00;   0.00;   0.00;   0.00,   0.00,   0.23
  0.00;   0.00;   0.00;   0.00,   0.00,   0.23
  0.00;   0.00;   0.00;   0.00,   0.00,   0.23
  0.00;   0.00;   0.00;   0.00,   0.00,   0.23
  0.00;   0.00;   0.00;   0.00,   0.00,   0.23
  0.00;   0.00;   0.00;   0.00,   0.00,   0.23
  0.00;   0.00;   0.00;   0.00,   0.00,   0.23
  0.00;   0.00;   0.00;   0.00,   0.00,   0.23
  0.00;   0.00;   0.00;   0.00,   0.00,   0.23
  0.00;   0.00;   0.00;   0.00,   0.00,   0.23
  0.00;   0.00;   0.00;   0.00,   0.00,   0.23
  0.00;   0.00;   0.00;   0.00,   0.00,   0.23
  0.00;   0.00;   0.00;   0.00,   0.00,   0.23
  0.00;   0.00;   0.00;   0.00,   0.00,   0.23
  0.00;   0.00;   0.00;   0.00,   0.00,   0.23
  0.00;   0.00;   0.00;   0.00,   0.00,   0.23
  0.00;   0.00;   0.00;   0.00,   0.00,   0.23
  0.00;   0.00;   0.00;   0.00,   0.00,   0.23
  0.00;   0.00;   0.00;   0.00,   0.00,   0.23
  0.00;   0.00;   0.00;   0.00,   0.00,   0.23
  0.00;   0.00;   0.00;   0.00,   0.00,   0.23
  0.00;   0.00;   0.00;   0.00,   0.00,   0.23
  0.00;   0.00;   0.00;   0.00,   0.00,   0.23
  0.00;   0.00;   0.00;   0.00,   0.00,   0.23
  0.00;   0.00;   0.00;   0.00,   0.00,   0.23
  0.00;   0.00;   0.00;   0.00,   0.00,   0.23
  0.00;   0.00;   0.00;   0.00,   0.00,   0.23
  0.00;   0.00;   0.00;   0.00,   0.00,   0.23
  0.00;   0.00;   0.00;   0.00,   0.00,   0.24
  0.00;   0.00;   0.00;   0.00,   0.00,   0.24
  0.00;   0.00;   0.00;   0.00,   0.00,   0.24
  0.00;   0.00;   0.00;   0.00,   0.00,   0.24
  0.00;   0.00;   0.00;   0.00,   0.00,   0.24
  0.00;   0.00;   0.00;   0.00,   0.00,   0.24
  0.00;   0.00;   0.00;   0.00,   0.00,   0.24
  0.00;   0.00;   0.00;   0.00,   0.00,   0.24
  0.00;   0.00;   0.00;   0.00,   0.00,   0.24
  0.00;   0.00;   0.00;   0.00,   0.00,   0.24
  0.00;   0.00;   0.00;   0.00,   0.00,   0.24
  0.00;   0.00;   0.00;   0.00,   0.00,   0.24
  0.00;   0.00;   0.00;   0.00,   0.00,   0.24
  0.00;   0.00;   0.00;   0.00,   0.00,   0.24
  0.00;   0.00;   0.00;   0.00,   0.00,   0.24
  0.00;   0.00;   0.00;   0.00,   0.00,   0.24
  0.00;   0.00;   0.00;   0.00,   0.00,   0.24
  0.00;   0.00;   0.00;   0.00,   0.00,   0.24
  0.00;   0.00;   0.00;   0.00,   0.00,   0.24
  0.00;   0.00;   0.00;   0.00,   0.00,   0.24
  0.00;   0.00;   0.00;   0.00,   0.00,   0.24
  0.00;   0.00;   0.00;   0.00,   0.00,   0.24
  0.00;   0.00;   0.00;   0.00,   0.00,   0.24
  0.00;   0.00;   0.00;   0.00,   0.00,   0.24
  0.00;   0.00;   0.00;   0.00,   0.00,   0.24
  0.00;   0.00;   0.00;   0.00,   0.00,   0.24
  0.00;   0.00;   0.00;   0.00,   0.00,   0.24
  0.00;   0.00;   0.00;   0.00,   0.00,   0.24
  0.00;   0.00;   0.00;   0.00,   0.00,   0.24
  0.00;   0.00;   0.00;   0.00,   0.00,   0.24
  0.00;   0.00;   0.00;   0.00,   0.00,   0.24
  0.00;   0.00;   0.00;   0.00,   0.00,   0.24
  0.00;   0.00;   0.00;   0.00,   0.00,   0.24
  0.00;   0.00;   0.00;   0.00,   0.00,   0.24
  0.00;   0.00;   0.00;   0.00,   0.00,   0.24
  0.00;   0.00;   0.00;   0.00,   0.00,   0.24
  0.00;   0.00;   0.00;   0.00,   0.00,   0.24
  0.00;   0.00;   0.00;   0.00,   0.00,   0.24
  0.00;   0.00;   0.00;   0.00,   0.00,   0.24
  0.00;   0.00;   0.00;   0.00,   0.00,   0.24
  0.00;   0.00;   0.00;   0.00,   0.00,   0.24
  0.00;   0.00;   0.00;   0.00,   0.00,   0.24
  0.00;   0.00;   0.00;   0.00,   0.00,   0.24
  0.00;   0.00;   0.00;   0.00,   0.00,   0.24
  0.00;   0.00;   0.00;   0.00,   0.00,   0.24
  0.00;   0.00;   0.00;   0.00,   0.00,   0.24
  0.00;   0.00;   0.00;   0.00,   0.00,   0.24
  0.00;   0.00;   0.00;   0.00,   0.00,   0.24
  0.00;   0.00;   0.00;   0.00,   0.00,   0.24
  0.00;   0.00;   0.00;   0.00,   0.00,   0.24
  0.00;   0.00;   0.00;   0.00,   0.00,   0.24
  0.00;   0.00;   0.00;   0.00,   0.00,   0.24
  0.00;   0.00;   0.00;   0.00,   0.00,   0.24
  0.00;   0.00;   0.00;   0.00,   0.00,   0.24
  0.00;   0.00;   0.00;   0.00,   0.00,   0.24
  0.00;   0.00;   0.00;   0.00,   0.00,   0.24
  0.00;   0.00;   0.00;   0.00,   0.00,   0.24
  0.00;   0.00;   0.00;   0.00,   0.00,   0.24
  0.00;   0.00;   0.00;   0.00,   0.00,   0.24
  0.00;   0.00;   0.00;   0.00,   0.00,   0.24
  0.00;   0.00;   0.00;   0.00,   0.00,   0.24
  0.00;   0.00;   0.00;   0.00,   0.00,   0.24
  0.00;   0.00;   0.00;   0.00,   0.00,   0.24
  0.00;   0.00;   0.00;   0.00,   0.00,   0.24
  0.00;   0.00;   0.00;   0.00,   0.00,   0.24
  0.00;   0.00;   0.00;   0.00,   0.00,   0.24
  0.00;   0.00;   0.00;   0.00,   0.00,   0.24
  0.00;   0.00;   0.00;   0.00,   0.00,   0.24
  0.00;   0.00;   0.00;   0.00,   0.00,   0.24
  0.00;   0.00;   0.00;   0.00,   0.00,   0.24
  0.00;   0.00;   0.00;   0.00,   0.00,   0.24
  0.00;   0.00;   0.00;   0.00,   0.00,   0.24
  0.00;   0.00;   0.00;   0.00,   0.00,   0.24
  0.00;   0.00;   0.00;   0.00,   0.00,   0.24
  0.00;   0.00;   0.00;   0.00,   0.00,   0.24
  0.00;   0.00;   0.00;   0.00,   0.00,   0.24
  0.00;   0.00;   0.00;   0.00,   0.00,   0.24
  0.00;   0.00;   0.00;   0.00,   0.00,   0.24
  0.00;   0.00;   0.00;   0.00,   0.00,   0.24
  0.00;   0.00;   0.00;   0.00,   0.00,   0.24
  0.00;   0.00;   0.00;   0.00,   0.00,   0.24
  0.00;   0.00;   0.00;   0.00,   0.00,   0.24
  0.00;   0.00;   0.00;   0.00,   0.00,   0.24
  0.00;   0.00;   0.00;   0.00,   0.00,   0.24
  0.00;   0.00;   0.00;   0.00,   0.00,   0.24
  0.00;   0.00;   0.00;   0.00,   0.00,   0.24
  0.00;   0.00;   0.00;   0.00,   0.00,   0.24
  0.00;   0.00;   0.00;   0.00,   0.00,   0.24
  0.00;   0.00;   0.00;   0.00,   0.00,   0.24
  0.00;   0.00;   0.00;   0.00,   0.00,   0.24
  0.00;   0.00;   0.00;   0.00,   0.00,   0.24
  0.00;   0.00;   0.00;   0.00,   0.00,   0.25
  0.00;   0.00;   0.00;   0.00,   0.00,   0.25
  0.00;   0.00;   0.00;   0.00,   0.00,   0.25
  0.00;   0.00;   0.00;   0.00,   0.00,   0.25
  0.00;   0.00;   0.00;   0.00,   0.00,   0.25
  0.00;   0.00;   0.00;   0.00,   0.00,   0.25
  0.00;   0.00;   0.00;   0.00,   0.00,   0.25
  0.00;   0.00;   0.00;   0.00,   0.00,   0.25
  0.00;   0.00;   0.00;   0.00,   0.00,   0.25
  0.00;   0.00;   0.00;   0.00,   0.00,   0.25
  0.00;   0.00;   0.00;   0.00,   0.00,   0.25
  0.00;   0.00;   0.00;   0.00,   0.00,   0.25
  0.00;   0.00;   0.00;   0.00,   0.00,   0.25
  0.00;   0.00;   0.00;   0.00,   0.00,   0.25
  0.00;   0.00;   0.00;   0.00,   0.00,   0.25
  0.00;   0.00;   0.00;   0.00,   0.00,   0.25
  0.00;   0.00;   0.00;   0.00,   0.00,   0.25
  0.00;   0.00;   0.00;   0.00,   0.00,   0.25
  0.00;   0.00;   0.00;   0.00,   0.00,   0.25
  0.00;   0.00;   0.00;   0.00,   0.00,   0.25
  0.00;   0.00;   0.00;   0.00,   0.00,   0.25
  0.00;   0.00;   0.00;   0.00,   0.00,   0.25
  0.00;   0.00;   0.00;   0.00,   0.00,   0.25
  0.00;   0.00;   0.00;   0.00,   0.00,   0.25
  0.00;   0.00;   0.00;   0.00,   0.00,   0.25
  0.00;   0.00;   0.00;   0.00,   0.00,   0.25
  0.00;   0.00;   0.00;   0.00,   0.00,   0.25
  0.00;   0.00;   0.00;   0.00,   0.00,   0.25
  0.00;   0.00;   0.00;   0.00,   0.00,   0.25
  0.00;   0.00;   0.00;   0.00,   0.00,   0.25
  0.00;   0.00;   0.00;   0.00,   0.00,   0.25
  0.00;   0.00;   0.00;   0.00,   0.00,   0.25
  0.00;   0.00;   0.00;   0.00,   0.00,   0.25
  0.00;   0.00;   0.00;   0.00,   0.00,   0.25
  0.00;   0.00;   0.00;   0.00,   0.00,   0.25
  0.00;   0.00;   0.00;   0.00,   0.00,   0.25
  0.00;   0.00;   0.00;   0.00,   0.00,   0.25
  0.00;   0.00;   0.00;   0.00,   0.00,   0.25
  0.00;   0.00;   0.00;   0.00,   0.00,   0.25
  0.00;   0.00;   0.00;   0.00,   0.00,   0.25
  0.00;   0.00;   0.00;   0.00,   0.00,   0.25
  0.00;   0.00;   0.00;   0.00,   0.00,   0.25
  0.00;   0.00;   0.00;   0.00,   0.00,   0.25
  0.00;   0.00;   0.00;   0.00,   0.00,   0.25
  0.00;   0.00;   0.00;   0.00,   0.00,   0.25
  0.00;   0.00;   0.00;   0.00,   0.00,   0.25
  0.00;   0.00;   0.00;   0.00,   0.00,   0.25
  0.00;   0.00;   0.00;   0.00,   0.00,   0.25
  0.00;   0.00;   0.00;   0.00,   0.00,   0.25
  0.00;   0.00;   0.00;   0.00,   0.00,   0.25
  0.00;   0.00;   0.00;   0.00,   0.00,   0.25
  0.00;   0.00;   0.00;   0.00,   0.00,   0.25
  0.00;   0.00;   0.00;   0.00,   0.00,   0.25
  0.00;   0.00;   0.00;   0.00,   0.00,   0.25
  0.00;   0.00;   0.00;   0.00,   0.00,   0.25
  0.00;   0.00;   0.00;   0.00,   0.00,   0.25
  0.00;   0.00;   0.00;   0.00,   0.00,   0.25
  0.00;   0.00;   0.00;   0.00,   0.00,   0.25
  0.00;   0.00;   0.00;   0.00,   0.00,   0.25
  0.00;   0.00;   0.00;   0.00,   0.00,   0.25
  0.00;   0.00;   0.00;   0.00,   0.00,   0.25
  0.00;   0.00;   0.00;   0.00,   0.00,   0.25
  0.00;   0.00;   0.00;   0.00,   0.00,   0.25
  0.00;   0.00;   0.00;   0.00,   0.00,   0.25
  0.00;   0.00;   0.00;   0.00,   0.00,   0.25
  0.00;   0.00;   0.00;   0.00,   0.00,   0.25
  0.00;   0.00;   0.00;   0.00,   0.00,   0.25
  0.00;   0.00;   0.00;   0.00,   0.00,   0.25
  0.00;   0.00;   0.00;   0.00,   0.00,   0.25
  0.00;   0.00;   0.00;   0.00,   0.00,   0.25
  0.00;   0.00;   0.00;   0.00,   0.00,   0.25
  0.00;   0.00;   0.00;   0.00,   0.00,   0.25
  0.00;   0.00;   0.00;   0.00,   0.00,   0.25
  0.00;   0.00;   0.00;   0.00,   0.00,   0.25
  0.00;   0.00;   0.00;   0.00,   0.00,   0.25
  0.00;   0.00;   0.00;   0.00,   0.00,   0.25
  0.00;   0.00;   0.00;   0.00,   0.00,   0.25
  0.00;   0.00;   0.00;   0.00,   0.00,   0.25
  0.00;   0.00;   0.00;   0.00,   0.00,   0.25
  0.00;   0.00;   0.00;   0.00,   0.00,   0.25
  0.00;   0.00;   0.00;   0.00,   0.00,   0.25
  0.00;   0.00;   0.00;   0.00,   0.00,   0.25
  0.00;   0.00;   0.00;   0.00,   0.00,   0.25
  0.00;   0.00;   0.00;   0.00,   0.00,   0.25
  0.00;   0.00;   0.00;   0.00,   0.00,   0.25
  0.00;   0.00;   0.00;   0.00,   0.00,   0.26
  0.00;   0.00;   0.00;   0.00,   0.00,   0.26
  0.00;   0.00;   0.00;   0.00,   0.00,   0.26
  0.00;   0.00;   0.00;   0.00,   0.00,   0.26
  0.00;   0.00;   0.00;   0.00,   0.00,   0.26
  0.00;   0.00;   0.00;   0.00,   0.00,   0.26
  0.00;   0.00;   0.00;   0.00,   0.00,   0.26
  0.00;   0.00;   0.00;   0.00,   0.00,   0.26
  0.00;   0.00;   0.00;   0.00,   0.00,   0.26
  0.00;   0.00;   0.00;   0.00,   0.00,   0.26
  0.00;   0.00;   0.00;   0.00,   0.00,   0.26
  0.00;   0.00;   0.00;   0.00,   0.00,   0.26
  0.00;   0.00;   0.00;   0.00,   0.00,   0.26
  0.00;   0.00;   0.00;   0.00,   0.00,   0.26
  0.00;   0.00;   0.00;   0.00,   0.00,   0.26
  0.00;   0.00;   0.00;   0.00,   0.00,   0.26
  0.00;   0.00;   0.00;   0.00,   0.00,   0.26
  0.00;   0.00;   0.00;   0.00,   0.00,   0.26
  0.00;   0.00;   0.00;   0.00,   0.00,   0.26
  0.00;   0.00;   0.00;   0.00,   0.00,   0.26
  0.00;   0.00;   0.00;   0.00,   0.00,   0.26
  0.00;   0.00;   0.00;   0.00,   0.00,   0.26
  0.00;   0.00;   0.00;   0.00,   0.00,   0.26
  0.00;   0.00;   0.00;   0.00,   0.00,   0.26
  0.00;   0.00;   0.00;   0.00,   0.00,   0.26
  0.00;   0.00;   0.00;   0.00,   0.00,   0.26
  0.00;   0.00;   0.00;   0.00,   0.00,   0.26
  0.00;   0.00;   0.00;   0.00,   0.00,   0.26
  0.00;   0.00;   0.00;   0.00,   0.00,   0.26
  0.00;   0.00;   0.00;   0.00,   0.00,   0.26
  0.00;   0.00;   0.00;   0.00,   0.00,   0.26
  0.00;   0.00;   0.00;   0.00,   0.00,   0.26
  0.00;   0.00;   0.00;   0.00,   0.00,   0.26
  0.00;   0.00;   0.00;   0.00,   0.00,   0.26
  0.00;   0.00;   0.00;   0.00,   0.00,   0.26
  0.00;   0.00;   0.00;   0.00,   0.00,   0.26
  0.00;   0.00;   0.00;   0.00,   0.00,   0.26
  0.00;   0.00;   0.00;   0.00,   0.00,   0.26
  0.00;   0.00;   0.00;   0.00,   0.00,   0.26
  0.00;   0.00;   0.00;   0.00,   0.00,   0.26
  0.00;   0.00;   0.00;   0.00,   0.00,   0.26
  0.00;   0.00;   0.00;   0.00,   0.00,   0.26
  0.00;   0.00;   0.00;   0.00,   0.00,   0.26
  0.00;   0.00;   0.00;   0.00,   0.00,   0.26
  0.00;   0.00;   0.00;   0.00,   0.00,   0.26
  0.00;   0.00;   0.00;   0.00,   0.00,   0.26
  0.00;   0.00;   0.00;   0.00,   0.00,   0.26
  0.00;   0.00;   0.00;   0.00,   0.00,   0.26
  0.00;   0.00;   0.00;   0.00,   0.00,   0.26
  0.00;   0.00;   0.00;   0.00,   0.00,   0.26
  0.00;   0.00;   0.00;   0.00,   0.00,   0.26
  0.00;   0.00;   0.00;   0.00,   0.00,   0.26
  0.00;   0.00;   0.00;   0.00,   0.00,   0.26
  0.00;   0.00;   0.00;   0.00,   0.00,   0.26
  0.00;   0.00;   0.00;   0.00,   0.00,   0.26
  0.00;   0.00;   0.00;   0.00,   0.00,   0.26
  0.00;   0.00;   0.00;   0.00,   0.00,   0.26
  0.00;   0.00;   0.00;   0.00,   0.00,   0.26
  0.00;   0.00;   0.00;   0.00,   0.00,   0.26
  0.00;   0.00;   0.00;   0.00,   0.00,   0.26
  0.00;   0.00;   0.00;   0.00,   0.00,   0.26
  0.00;   0.00;   0.00;   0.00,   0.00,   0.26
  0.00;   0.00;   0.00;   0.00,   0.00,   0.26
  0.00;   0.00;   0.00;   0.00,   0.00,   0.26
  0.00;   0.00;   0.00;   0.00,   0.00,   0.26
  0.00;   0.00;   0.00;   0.00,   0.00,   0.26
  0.00;   0.00;   0.00;   0.00,   0.00,   0.26
  0.00;   0.00;   0.00;   0.00,   0.00,   0.26
  0.00;   0.00;   0.00;   0.00,   0.00,   0.26
  0.00;   0.00;   0.00;   0.00,   0.00,   0.26
  0.00;   0.00;   0.00;   0.00,   0.00,   0.26
  0.00;   0.00;   0.00;   0.00,   0.00,   0.26
  0.00;   0.00;   0.00;   0.00,   0.00,   0.26
  0.00;   0.00;   0.00;   0.00,   0.00,   0.26
  0.00;   0.00;   0.00;   0.00,   0.00,   0.26
  0.00;   0.00;   0.00;   0.00,   0.00,   0.26
  0.00;   0.00;   0.00;   0.00,   0.00,   0.26
  0.00;   0.00;   0.00;   0.00,   0.00,   0.26
  0.00;   0.00;   0.00;   0.00,   0.00,   0.26
  0.00;   0.00;   0.00;   0.00,   0.00,   0.26
  0.00;   0.00;   0.00;   0.00,   0.00,   0.26
  0.00;   0.00;   0.00;   0.00,   0.00,   0.27
  0.00;   0.00;   0.00;   0.00,   0.00,   0.27
  0.00;   0.00;   0.00;   0.00,   0.00,   0.27
  0.00;   0.00;   0.00;   0.00,   0.00,   0.27
  0.00;   0.00;   0.00;   0.00,   0.00,   0.27
  0.00;   0.00;   0.00;   0.00,   0.00,   0.27
  0.00;   0.00;   0.00;   0.00,   0.00,   0.27
  0.00;   0.00;   0.00;   0.00,   0.00,   0.27
  0.00;   0.00;   0.00;   0.00,   0.00,   0.27
  0.00;   0.00;   0.00;   0.00,   0.00,   0.27
  0.00;   0.00;   0.00;   0.00,   0.00,   0.27
  0.00;   0.00;   0.00;   0.00,   0.00,   0.27
  0.00;   0.00;   0.00;   0.00,   0.00,   0.27
  0.00;   0.00;   0.00;   0.00,   0.00,   0.27
  0.00;   0.00;   0.00;   0.00,   0.00,   0.27
  0.00;   0.00;   0.00;   0.00,   0.00,   0.27
  0.00;   0.00;   0.00;   0.00,   0.00,   0.27
  0.00;   0.00;   0.00;   0.00,   0.00,   0.27
  0.00;   0.00;   0.00;   0.00,   0.00,   0.27
  0.00;   0.00;   0.00;   0.00,   0.00,   0.27
  0.00;   0.00;   0.00;   0.00,   0.00,   0.27
  0.00;   0.00;   0.00;   0.00,   0.00,   0.27
  0.00;   0.00;   0.00;   0.00,   0.00,   0.27
  0.00;   0.00;   0.00;   0.00,   0.00,   0.27
  0.00;   0.00;   0.00;   0.00,   0.00,   0.27
  0.00;   0.00;   0.00;   0.00,   0.00,   0.27
  0.00;   0.00;   0.00;   0.00,   0.00,   0.27
  0.00;   0.00;   0.00;   0.00,   0.00,   0.27
  0.00;   0.00;   0.00;   0.00,   0.00,   0.27
  0.00;   0.00;   0.00;   0.00,   0.00,   0.27
  0.00;   0.00;   0.00;   0.00,   0.00,   0.27
  0.00;   0.00;   0.00;   0.00,   0.00,   0.27
  0.00;   0.00;   0.00;   0.00,   0.00,   0.27
  0.00;   0.00;   0.00;   0.00,   0.00,   0.27
  0.00;   0.00;   0.00;   0.00,   0.00,   0.27
  0.00;   0.00;   0.00;   0.00,   0.00,   0.27
  0.00;   0.00;   0.00;   0.00,   0.00,   0.27
  0.00;   0.00;   0.00;   0.00,   0.00,   0.27
  0.00;   0.00;   0.00;   0.00,   0.00,   0.27
  0.00;   0.00;   0.00;   0.00,   0.00,   0.27
  0.00;   0.00;   0.00;   0.00,   0.00,   0.27
  0.00;   0.00;   0.00;   0.00,   0.00,   0.27
  0.00;   0.00;   0.00;   0.00,   0.00,   0.27
  0.00;   0.00;   0.00;   0.00,   0.00,   0.27
  0.00;   0.00;   0.00;   0.00,   0.00,   0.27
  0.00;   0.00;   0.00;   0.00,   0.00,   0.27
  0.00;   0.00;   0.00;   0.00,   0.00,   0.27
  0.00;   0.00;   0.00;   0.00,   0.00,   0.27
  0.00;   0.00;   0.00;   0.00,   0.00,   0.27
  0.00;   0.00;   0.00;   0.00,   0.00,   0.27
  0.00;   0.00;   0.00;   0.00,   0.00,   0.27
  0.00;   0.00;   0.00;   0.00,   0.00,   0.27
  0.00;   0.00;   0.00;   0.00,   0.00,   0.27
  0.00;   0.00;   0.00;   0.00,   0.00,   0.27
  0.00;   0.00;   0.00;   0.00,   0.00,   0.27
  0.00;   0.00;   0.00;   0.00,   0.00,   0.27
  0.00;   0.00;   0.00;   0.00,   0.00,   0.27
  0.00;   0.00;   0.00;   0.00,   0.00,   0.27
  0.00;   0.00;   0.00;   0.00,   0.00,   0.27
  0.00;   0.00;   0.00;   0.00,   0.00,   0.27
  0.00;   0.00;   0.00;   0.00,   0.00,   0.27
  0.00;   0.00;   0.00;   0.00,   0.00,   0.27
  0.00;   0.00;   0.00;   0.00,   0.00,   0.27
  0.00;   0.00;   0.00;   0.00,   0.00,   0.27
  0.00;   0.00;   0.00;   0.00,   0.00,   0.27
  0.00;   0.00;   0.00;   0.00,   0.00,   0.27
  0.00;   0.00;   0.00;   0.00,   0.00,   0.27
  0.00;   0.00;   0.00;   0.00,   0.00,   0.27
  0.00;   0.00;   0.00;   0.00,   0.00,   0.27
  0.00;   0.00;   0.00;   0.00,   0.00,   0.27
  0.00;   0.00;   0.00;   0.00,   0.00,   0.27
  0.00;   0.00;   0.00;   0.00,   0.00,   0.27
  0.00;   0.00;   0.00;   0.00,   0.00,   0.27
  0.00;   0.00;   0.00;   0.00,   0.00,   0.27
  0.00;   0.00;   0.00;   0.00,   0.00,   0.27
  0.00;   0.00;   0.00;   0.00,   0.00,   0.27
  0.00;   0.00;   0.00;   0.00,   0.00,   0.27
  0.00;   0.00;   0.00;   0.00,   0.00,   0.27
  0.00;   0.00;   0.00;   0.00,   0.00,   0.27
  0.00;   0.00;   0.00;   0.00,   0.00,   0.28
  0.00;   0.00;   0.00;   0.00,   0.00,   0.28
  0.00;   0.00;   0.00;   0.00,   0.00,   0.28
  0.00;   0.00;   0.00;   0.00,   0.00,   0.28
  0.00;   0.00;   0.00;   0.00,   0.00,   0.28
  0.00;   0.00;   0.00;   0.00,   0.00,   0.28
  0.00;   0.00;   0.00;   0.00,   0.00,   0.28
  0.00;   0.00;   0.00;   0.00,   0.00,   0.28
  0.00;   0.00;   0.00;   0.00,   0.00,   0.28
  0.00;   0.00;   0.00;   0.00,   0.00,   0.28
  0.00;   0.00;   0.00;   0.00,   0.00,   0.28
  0.00;   0.00;   0.00;   0.00,   0.00,   0.28
  0.00;   0.00;   0.00;   0.00,   0.00,   0.28
  0.00;   0.00;   0.00;   0.00,   0.00,   0.28
  0.00;   0.00;   0.00;   0.00,   0.00,   0.28
  0.00;   0.00;   0.00;   0.00,   0.00,   0.28
  0.00;   0.00;   0.00;   0.00,   0.00,   0.28
  0.00;   0.00;   0.00;   0.00,   0.00,   0.28
  0.00;   0.00;   0.00;   0.00,   0.00,   0.28
  0.00;   0.00;   0.00;   0.00,   0.00,   0.28
  0.00;   0.00;   0.00;   0.00,   0.00,   0.28
  0.00;   0.00;   0.00;   0.00,   0.00,   0.28
  0.00;   0.00;   0.00;   0.00,   0.00,   0.28
  0.00;   0.00;   0.00;   0.00,   0.00,   0.28
  0.00;   0.00;   0.00;   0.00,   0.00,   0.28
  0.00;   0.00;   0.00;   0.00,   0.00,   0.28
  0.00;   0.00;   0.00;   0.00,   0.00,   0.28
  0.00;   0.00;   0.00;   0.00,   0.00,   0.28
  0.00;   0.00;   0.00;   0.00,   0.00,   0.28
  0.00;   0.00;   0.00;   0.00,   0.00,   0.28
  0.00;   0.00;   0.00;   0.00,   0.00,   0.28
  0.00;   0.00;   0.00;   0.00,   0.00,   0.28
  0.00;   0.00;   0.00;   0.00,   0.00,   0.28
  0.00;   0.00;   0.00;   0.00,   0.00,   0.28
  0.00;   0.00;   0.00;   0.00,   0.00,   0.28
  0.00;   0.00;   0.00;   0.00,   0.00,   0.28
  0.00;   0.00;   0.00;   0.00,   0.00,   0.28
  0.00;   0.00;   0.00;   0.00,   0.00,   0.28
  0.00;   0.00;   0.00;   0.00,   0.00,   0.28
  0.00;   0.00;   0.00;   0.00,   0.00,   0.28
  0.00;   0.00;   0.00;   0.00,   0.00,   0.28
  0.00;   0.00;   0.00;   0.00,   0.00,   0.28
  0.00;   0.00;   0.00;   0.00,   0.00,   0.28
  0.00;   0.00;   0.00;   0.00,   0.00,   0.28
  0.00;   0.00;   0.00;   0.00,   0.00,   0.28
  0.00;   0.00;   0.00;   0.00,   0.00,   0.28
  0.00;   0.00;   0.00;   0.00,   0.00,   0.28
  0.00;   0.00;   0.00;   0.00,   0.00,   0.28
  0.00;   0.00;   0.00;   0.00,   0.00,   0.28
  0.00;   0.00;   0.00;   0.00,   0.00,   0.28
  0.00;   0.00;   0.00;   0.00,   0.00,   0.28
  0.00;   0.00;   0.00;   0.00,   0.00,   0.28
  0.00;   0.00;   0.00;   0.00,   0.00,   0.28
  0.00;   0.00;   0.00;   0.00,   0.00,   0.28
  0.00;   0.00;   0.00;   0.00,   0.00,   0.28
  0.00;   0.00;   0.00;   0.00,   0.00,   0.28
  0.00;   0.00;   0.00;   0.00,   0.00,   0.28
  0.00;   0.00;   0.00;   0.00,   0.00,   0.28
  0.00;   0.00;   0.00;   0.00,   0.00,   0.28
  0.00;   0.00;   0.00;   0.00,   0.00,   0.28
  0.00;   0.00;   0.00;   0.00,   0.00,   0.28
