TL,TR, BL, BR, TotalWeight, time 
  0.00;   0.49;   0.00;   0.00,   0.49, 1464014188.46
  0.00;   0.45;   0.00;   0.00,   0.45, 1464014188.46
  0.00;   0.39;   0.00;   0.00,   0.39, 1464014188.46
  0.00;   0.39;   0.00;   0.00,   0.39, 1464014188.46
  0.00;   0.44;   0.00;   0.00,   0.44, 1464014188.46
  0.00;   0.44;   0.00;   0.00,   0.44, 1464014188.46
  0.00;   0.43;   0.00;   0.00,   0.43, 1464014188.46
  0.00;   0.47;   0.00;   0.00,   0.47, 1464014188.46
  0.00;   0.47;   0.00;   0.00,   0.47, 1464014188.46
  0.00;   0.50;   0.00;   0.00,   0.50, 1464014188.46
  0.00;   0.39;   0.00;   0.00,   0.39, 1464014188.46
  0.00;   0.39;   0.00;   0.00,   0.39, 1464014188.46
  0.00;   0.43;   0.00;   0.00,   0.43, 1464014188.46
  0.00;   0.43;   0.00;   0.00,   0.43, 1464014188.46
  0.00;   0.40;   0.00;   0.00,   0.40, 1464014188.46
  0.00;   0.44;   0.00;   0.00,   0.44, 1464014188.46
  0.00;   0.44;   0.00;   0.00,   0.44, 1464014188.46
  0.00;   0.45;   0.00;   0.00,   0.45, 1464014188.46
  0.00;   0.46;   0.00;   0.00,   0.46, 1464014188.46
  0.00;   0.46;   0.00;   0.00,   0.46, 1464014188.46
  0.00;   0.48;   0.00;   0.00,   0.48, 1464014188.46
  0.00;   0.38;   0.00;   0.00,   0.38, 1464014188.46
  0.00;   0.38;   0.00;   0.00,   0.38, 1464014188.46
  0.00;   0.46;   0.00;   0.00,   0.46, 1464014188.46
  0.00;   0.46;   0.00;   0.00,   0.46, 1464014188.46
  0.00;   0.43;   0.00;   0.00,   0.43, 1464014188.46
  0.00;   0.39;   0.00;   0.00,   0.39, 1464014188.46
  0.00;   0.39;   0.00;   0.00,   0.39, 1464014188.46
  0.00;   0.41;   0.00;   0.00,   0.41, 1464014188.46
  0.00;   0.44;   0.00;   0.00,   0.44, 1464014188.46
  0.00;   0.44;   0.00;   0.00,   0.44, 1464014188.46
  0.00;   0.38;   0.00;   0.00,   0.38, 1464014188.46
  0.00;   0.38;   0.00;   0.00,   0.38, 1464014188.46
  0.00;   0.45;   0.00;   0.00,   0.45, 1464014188.46
  0.00;   0.39;   0.00;   0.00,   0.39, 1464014188.46
  0.00;   0.39;   0.00;   0.00,   0.39, 1464014188.46
  0.00;   0.48;   0.00;   0.00,   0.48, 1464014188.46
  0.00;   0.47;   0.00;   0.00,   0.47, 1464014188.46
  0.00;   0.47;   0.00;   0.00,   0.47, 1464014188.46
  0.00;   0.47;   0.00;   0.00,   0.47, 1464014188.46
  0.00;   0.47;   0.00;   0.00,   0.47, 1464014188.46
  0.00;   0.46;   0.00;   0.00,   0.46, 1464014188.46
  0.00;   0.48;   0.00;   0.00,   0.48, 1464014188.46
  0.00;   0.48;   0.00;   0.00,   0.48, 1464014188.46
  0.00;   0.47;   0.00;   0.00,   0.47, 1464014188.46
  0.00;   0.41;   0.00;   0.00,   0.41, 1464014188.46
  0.00;   0.41;   0.00;   0.00,   0.41, 1464014188.46
  0.00;   0.50;   0.00;   0.00,   0.50, 1464014188.46
  0.00;   0.45;   0.00;   0.00,   0.45, 1464014188.46
  0.00;   0.45;   0.00;   0.00,   0.45, 1464014188.46
  0.00;   0.46;   0.00;   0.00,   0.46, 1464014188.46
  0.00;   0.46;   0.00;   0.00,   0.46, 1464014188.46
  0.00;   0.44;   0.00;   0.00,   0.44, 1464014188.46
  0.00;   0.44;   0.00;   0.00,   0.44, 1464014188.46
  0.00;   0.44;   0.00;   0.00,   0.44, 1464014188.46
  0.00;   0.47;   0.00;   0.00,   0.47, 1464014188.46
  0.00;   0.47;   0.00;   0.00,   0.47, 1464014188.46
  0.00;   0.47;   0.00;   0.00,   0.47, 1464014188.46
  0.00;   0.41;   0.00;   0.00,   0.41, 1464014188.46
  0.00;   0.41;   0.00;   0.00,   0.41, 1464014188.46
  0.00;   0.47;   0.00;   0.00,   0.47, 1464014188.46
  0.00;   0.46;   0.00;   0.00,   0.46, 1464014188.46
  0.00;   0.46;   0.00;   0.00,   0.46, 1464014188.46
  0.00;   0.47;   0.00;   0.00,   0.47, 1464014188.46
  0.00;   0.42;   0.00;   0.00,   0.42, 1464014188.46
  0.00;   0.42;   0.00;   0.00,   0.42, 1464014188.46
  0.00;   0.54;   0.00;   0.00,   0.54, 1464014188.46
  0.00;   0.54;   0.00;   0.00,   0.54, 1464014188.47
  0.00;   0.42;   0.00;   0.00,   0.42, 1464014188.48
  0.00;   0.51;   0.00;   0.00,   0.51, 1464014188.49
  0.00;   0.51;   0.00;   0.00,   0.51, 1464014188.50
  0.00;   0.50;   0.00;   0.00,   0.50, 1464014188.51
  0.00;   0.45;   0.00;   0.00,   0.45, 1464014188.52
  0.00;   0.45;   0.00;   0.00,   0.45, 1464014188.53
  0.00;   0.44;   0.00;   0.00,   0.44, 1464014188.55
  0.00;   0.44;   0.00;   0.00,   0.44, 1464014188.55
  0.00;   0.39;   0.00;   0.00,   0.39, 1464014188.57
  0.00;   0.47;   0.00;   0.00,   0.47, 1464014188.57
  0.00;   0.47;   0.00;   0.00,   0.47, 1464014188.59
  0.00;   0.47;   0.00;   0.00,   0.47, 1464014188.59
  0.00;   0.49;   0.00;   0.00,   0.49, 1464014188.61
  0.00;   0.49;   0.00;   0.00,   0.49, 1464014188.61
  0.00;   0.47;   0.00;   0.00,   0.47, 1464014188.63
  0.00;   0.43;   0.00;   0.00,   0.43, 1464014188.63
  0.00;   0.43;   0.00;   0.00,   0.43, 1464014188.65
  0.00;   0.39;   0.00;   0.00,   0.39, 1464014188.65
  0.00;   0.39;   0.00;   0.00,   0.39, 1464014188.67
  0.00;   0.44;   0.00;   0.00,   0.44, 1464014188.67
  0.00;   0.47;   0.00;   0.00,   0.47, 1464014188.69
  0.00;   0.47;   0.00;   0.00,   0.47, 1464014188.69
  0.00;   0.41;   0.00;   0.00,   0.41, 1464014188.71
  0.00;   0.42;   0.00;   0.00,   0.42, 1464014188.71
  0.00;   0.42;   0.00;   0.00,   0.42, 1464014188.73
  0.00;   0.43;   0.00;   0.00,   0.43, 1464014188.73
  0.00;   0.43;   0.00;   0.00,   0.43, 1464014188.75
  0.00;   0.42;   0.00;   0.00,   0.42, 1464014188.75
  0.00;   0.45;   0.00;   0.00,   0.45, 1464014188.77
  0.00;   0.45;   0.00;   0.00,   0.45, 1464014188.77
  0.00;   0.47;   0.00;   0.00,   0.47, 1464014188.79
  0.00;   0.47;   0.00;   0.00,   0.47, 1464014188.79
  0.00;   0.47;   0.00;   0.00,   0.47, 1464014188.81
  0.00;   0.51;   0.00;   0.00,   0.51, 1464014188.81
  0.00;   0.51;   0.00;   0.00,   0.51, 1464014188.83
  0.00;   0.43;   0.00;   0.00,   0.43, 1464014188.83
  0.00;   0.43;   0.00;   0.00,   0.43, 1464014188.85
  0.00;   0.43;   0.00;   0.00,   0.43, 1464014188.85
  0.00;   0.40;   0.00;   0.00,   0.40, 1464014188.87
  0.00;   0.41;   0.00;   0.00,   0.41, 1464014188.87
  0.00;   0.41;   0.00;   0.00,   0.41, 1464014188.89
  0.00;   0.46;   0.00;   0.00,   0.46, 1464014188.89
  0.00;   0.40;   0.00;   0.00,   0.40, 1464014188.91
  0.00;   0.40;   0.00;   0.00,   0.40, 1464014188.92
  0.00;   0.43;   0.00;   0.00,   0.43, 1464014188.93
  0.00;   0.43;   0.00;   0.00,   0.43, 1464014188.94
  0.00;   0.42;   0.00;   0.00,   0.42, 1464014188.95
  0.00;   0.46;   0.00;   0.00,   0.46, 1464014188.96
  0.00;   0.46;   0.00;   0.00,   0.46, 1464014188.97
  0.00;   0.46;   0.00;   0.00,   0.46, 1464014188.98
  0.00;   0.46;   0.00;   0.00,   0.46, 1464014188.99
  0.00;   0.46;   0.00;   0.00,   0.46, 1464014189.00
  0.00;   0.47;   0.00;   0.00,   0.47, 1464014189.03
  0.00;   0.47;   0.00;   0.00,   0.47, 1464014189.03
  0.00;   0.43;   0.00;   0.00,   0.43, 1464014189.05
  0.00;   0.43;   0.00;   0.00,   0.43, 1464014189.05
  0.00;   0.49;   0.00;   0.00,   0.49, 1464014189.06
  0.00;   0.44;   0.00;   0.00,   0.44, 1464014189.07
  0.00;   0.44;   0.00;   0.00,   0.44, 1464014189.09
  0.00;   0.46;   0.00;   0.00,   0.46, 1464014189.09
  0.00;   0.46;   0.00;   0.00,   0.46, 1464014189.11
  0.00;   0.47;   0.00;   0.00,   0.47, 1464014189.11
  0.00;   0.44;   0.00;   0.00,   0.44, 1464014189.13
  0.00;   0.44;   0.00;   0.00,   0.44, 1464014189.13
  0.00;   0.44;   0.00;   0.00,   0.44, 1464014189.15
  0.00;   0.46;   0.00;   0.00,   0.46, 1464014189.15
  0.00;   0.46;   0.00;   0.00,   0.46, 1464014189.17
  0.00;   0.46;   0.00;   0.00,   0.46, 1464014189.17
  0.00;   0.46;   0.00;   0.00,   0.46, 1464014189.19
  0.00;   0.42;   0.00;   0.00,   0.42, 1464014189.19
  0.00;   0.49;   0.00;   0.00,   0.49, 1464014189.21
  0.00;   0.49;   0.00;   0.00,   0.49, 1464014189.21
  0.00;   0.50;   0.00;   0.00,   0.50, 1464014189.23
  0.00;   0.40;   0.00;   0.00,   0.40, 1464014189.23
  0.00;   0.40;   0.00;   0.00,   0.40, 1464014189.25
  0.00;   0.51;   0.00;   0.00,   0.51, 1464014189.25
  0.00;   0.51;   0.00;   0.00,   0.51, 1464014189.27
  0.00;   0.46;   0.00;   0.00,   0.46, 1464014189.27
  0.00;   0.44;   0.00;   0.00,   0.44, 1464014189.29
  0.00;   0.44;   0.00;   0.00,   0.44, 1464014189.29
  0.00;   0.50;   0.00;   0.00,   0.50, 1464014189.31
  0.00;   0.49;   0.00;   0.00,   0.49, 1464014189.31
  0.00;   0.49;   0.00;   0.00,   0.49, 1464014189.33
  0.00;   0.40;   0.00;   0.00,   0.40, 1464014189.33
  0.00;   0.40;   0.00;   0.00,   0.40, 1464014189.35
  0.00;   0.45;   0.00;   0.00,   0.45, 1464014189.35
  0.00;   0.47;   0.00;   0.00,   0.47, 1464014189.37
  0.00;   0.47;   0.00;   0.00,   0.47, 1464014189.37
  0.00;   0.41;   0.00;   0.00,   0.41, 1464014189.39
  0.00;   0.45;   0.00;   0.00,   0.45, 1464014189.39
  0.00;   0.45;   0.00;   0.00,   0.45, 1464014189.41
  0.00;   0.44;   0.00;   0.00,   0.44, 1464014189.41
  0.00;   0.44;   0.00;   0.00,   0.44, 1464014189.43
  0.00;   0.44;   0.00;   0.00,   0.44, 1464014189.43
  0.00;   0.46;   0.00;   0.00,   0.46, 1464014189.45
  0.00;   0.46;   0.00;   0.00,   0.46, 1464014189.45
  0.00;   0.47;   0.00;   0.00,   0.47, 1464014189.47
  0.00;   0.45;   0.00;   0.00,   0.45, 1464014189.47
  0.00;   0.45;   0.00;   0.00,   0.45, 1464014189.49
  0.00;   0.47;   0.00;   0.00,   0.47, 1464014189.49
  0.00;   0.47;   0.00;   0.00,   0.47, 1464014189.51
  0.00;   0.46;   0.00;   0.00,   0.46, 1464014189.51
  0.00;   0.47;   0.00;   0.00,   0.47, 1464014189.53
  0.00;   0.47;   0.00;   0.00,   0.47, 1464014189.53
  0.00;   0.48;   0.00;   0.00,   0.48, 1464014189.55
  0.00;   0.47;   0.00;   0.00,   0.47, 1464014189.55
  0.00;   0.47;   0.00;   0.00,   0.47, 1464014189.57
  0.00;   0.48;   0.00;   0.00,   0.48, 1464014189.57
  0.00;   0.45;   0.00;   0.00,   0.45, 1464014189.59
  0.00;   0.45;   0.00;   0.00,   0.45, 1464014189.59
  0.00;   0.47;   0.00;   0.00,   0.47, 1464014189.61
  0.00;   0.47;   0.00;   0.00,   0.47, 1464014189.61
  0.00;   0.45;   0.00;   0.00,   0.45, 1464014189.63
  0.00;   0.49;   0.00;   0.00,   0.49, 1464014189.64
  0.00;   0.49;   0.00;   0.00,   0.49, 1464014189.65
  0.00;   0.47;   0.00;   0.00,   0.47, 1464014189.66
  0.00;   0.42;   0.00;   0.00,   0.42, 1464014189.67
  0.00;   0.42;   0.00;   0.00,   0.42, 1464014189.68
  0.00;   0.48;   0.00;   0.00,   0.48, 1464014189.69
  0.00;   0.48;   0.00;   0.00,   0.48, 1464014189.70
  0.00;   0.50;   0.00;   0.00,   0.50, 1464014189.71
  0.00;   0.51;   0.00;   0.00,   0.51, 1464014189.72
  0.00;   0.51;   0.00;   0.00,   0.51, 1464014189.73
  0.00;   0.50;   0.00;   0.00,   0.50, 1464014189.74
  0.00;   0.49;   0.00;   0.00,   0.49, 1464014189.75
  0.00;   0.49;   0.00;   0.00,   0.49, 1464014189.76
  0.00;   0.39;   0.00;   0.00,   0.39, 1464014189.77
  0.00;   0.39;   0.00;   0.00,   0.39, 1464014189.78
  0.00;   0.47;   0.00;   0.00,   0.47, 1464014189.80
  0.00;   0.48;   0.00;   0.00,   0.48, 1464014189.80
  0.00;   0.48;   0.00;   0.00,   0.48, 1464014189.82
  0.00;   0.46;   0.00;   0.00,   0.46, 1464014189.82
  0.00;   0.49;   0.00;   0.00,   0.49, 1464014189.84
  0.00;   0.49;   0.00;   0.00,   0.49, 1464014189.84
  0.00;   0.48;   0.00;   0.00,   0.48, 1464014189.86
  0.00;   0.48;   0.00;   0.00,   0.48, 1464014189.86
  0.00;   0.40;   0.00;   0.00,   0.40, 1464014189.88
  0.00;   0.45;   0.00;   0.00,   0.45, 1464014189.88
  0.00;   0.45;   0.00;   0.00,   0.45, 1464014189.90
  0.00;   0.48;   0.00;   0.00,   0.48, 1464014189.90
  0.00;   0.43;   0.00;   0.00,   0.43, 1464014189.92
  0.00;   0.43;   0.00;   0.00,   0.43, 1464014189.92
  0.00;   0.43;   0.00;   0.00,   0.43, 1464014189.94
  0.00;   0.43;   0.00;   0.00,   0.43, 1464014189.94
  0.00;   0.50;   0.00;   0.00,   0.50, 1464014189.96
  0.00;   0.43;   0.00;   0.00,   0.43, 1464014189.96
  0.00;   0.43;   0.00;   0.00,   0.43, 1464014189.98
  0.00;   0.52;   0.00;   0.00,   0.52, 1464014189.98
  0.00;   0.40;   0.00;   0.00,   0.40, 1464014190.00
  0.00;   0.40;   0.00;   0.00,   0.40, 1464014190.00
  0.00;   0.47;   0.00;   0.00,   0.47, 1464014190.02
  0.00;   0.47;   0.00;   0.00,   0.47, 1464014190.02
  0.00;   0.49;   0.00;   0.00,   0.49, 1464014190.04
  0.00;   0.42;   0.00;   0.00,   0.42, 1464014190.04
  0.00;   0.42;   0.00;   0.00,   0.42, 1464014190.06
  0.00;   0.51;   0.00;   0.00,   0.51, 1464014190.06
  0.00;   0.44;   0.00;   0.00,   0.44, 1464014190.08
  0.00;   0.44;   0.00;   0.00,   0.44, 1464014190.08
  0.00;   0.52;   0.00;   0.00,   0.52, 1464014190.10
  0.00;   0.52;   0.00;   0.00,   0.52, 1464014190.10
  0.00;   0.45;   0.00;   0.00,   0.45, 1464014190.12
  0.00;   0.49;   0.00;   0.00,   0.49, 1464014190.12
  0.00;   0.49;   0.00;   0.00,   0.49, 1464014190.14
  0.00;   0.47;   0.00;   0.00,   0.47, 1464014190.14
  0.00;   0.44;   0.00;   0.00,   0.44, 1464014190.16
  0.00;   0.44;   0.00;   0.00,   0.44, 1464014190.16
  0.00;   0.41;   0.00;   0.00,   0.41, 1464014190.18
  0.00;   0.41;   0.00;   0.00,   0.41, 1464014190.18
  0.00;   0.51;   0.00;   0.00,   0.51, 1464014190.20
  0.00;   0.45;   0.00;   0.00,   0.45, 1464014190.20
  0.00;   0.45;   0.00;   0.00,   0.45, 1464014190.22
  0.00;   0.41;   0.00;   0.00,   0.41, 1464014190.22
  0.00;   0.43;   0.00;   0.00,   0.43, 1464014190.24
  0.00;   0.43;   0.00;   0.00,   0.43, 1464014190.24
  0.00;   0.48;   0.00;   0.00,   0.48, 1464014190.26
  0.00;   0.48;   0.00;   0.00,   0.48, 1464014190.26
  0.00;   0.45;   0.00;   0.00,   0.45, 1464014190.28
  0.00;   0.40;   0.00;   0.00,   0.40, 1464014190.28
  0.00;   0.40;   0.00;   0.00,   0.40, 1464014190.31
  0.00;   0.45;   0.00;   0.00,   0.45, 1464014190.31
  0.00;   0.47;   0.00;   0.00,   0.47, 1464014190.31
  0.00;   0.47;   0.00;   0.00,   0.47, 1464014190.33
  0.00;   0.44;   0.00;   0.00,   0.44, 1464014190.33
  0.00;   0.44;   0.00;   0.00,   0.44, 1464014190.35
  0.00;   0.41;   0.00;   0.00,   0.41, 1464014190.35
  0.00;   0.44;   0.00;   0.00,   0.44, 1464014190.37
  0.00;   0.44;   0.00;   0.00,   0.44, 1464014190.37
  0.00;   0.45;   0.00;   0.00,   0.45, 1464014190.39
  0.00;   0.43;   0.00;   0.00,   0.43, 1464014190.40
  0.00;   0.43;   0.00;   0.00,   0.43, 1464014190.41
  0.00;   0.48;   0.00;   0.00,   0.48, 1464014190.42
  0.00;   0.48;   0.00;   0.00,   0.48, 1464014190.43
  0.00;   0.49;   0.00;   0.00,   0.49, 1464014190.44
  0.00;   0.50;   0.00;   0.00,   0.50, 1464014190.45
  0.00;   0.50;   0.00;   0.00,   0.50, 1464014190.46
  0.00;   0.48;   0.00;   0.00,   0.48, 1464014190.47
  0.00;   0.48;   0.00;   0.00,   0.48, 1464014190.48
  0.00;   0.48;   0.00;   0.00,   0.48, 1464014190.49
  0.00;   0.42;   0.00;   0.00,   0.42, 1464014190.50
  0.00;   0.42;   0.00;   0.00,   0.42, 1464014190.51
  0.00;   0.50;   0.00;   0.00,   0.50, 1464014190.52
  0.00;   0.52;   0.00;   0.00,   0.52, 1464014190.53
  0.00;   0.52;   0.00;   0.00,   0.52, 1464014190.54
  0.00;   0.43;   0.00;   0.00,   0.43, 1464014190.55
  0.00;   0.43;   0.00;   0.00,   0.43, 1464014190.56
  0.00;   0.43;   0.00;   0.00,   0.43, 1464014190.57
  0.00;   0.48;   0.00;   0.00,   0.48, 1464014190.58
  0.00;   0.48;   0.00;   0.00,   0.48, 1464014190.59
  0.00;   0.46;   0.00;   0.00,   0.46, 1464014190.60
  0.00;   0.42;   0.00;   0.00,   0.42, 1464014190.61
  0.00;   0.42;   0.00;   0.00,   0.42, 1464014190.62
  0.00;   0.43;   0.00;   0.00,   0.43, 1464014190.63
  0.00;   0.42;   0.00;   0.00,   0.42, 1464014190.64
  0.00;   0.42;   0.00;   0.00,   0.42, 1464014190.65
  0.00;   0.49;   0.00;   0.00,   0.49, 1464014190.66
  0.00;   0.49;   0.00;   0.00,   0.49, 1464014190.67
  0.00;   0.52;   0.00;   0.00,   0.52, 1464014190.68
  0.00;   0.48;   0.00;   0.00,   0.48, 1464014190.69
  0.00;   0.48;   0.00;   0.00,   0.48, 1464014190.70
  0.00;   0.46;   0.00;   0.00,   0.46, 1464014190.72
  0.00;   0.45;   0.00;   0.00,   0.45, 1464014190.72
  0.00;   0.45;   0.00;   0.00,   0.45, 1464014190.74
  0.00;   0.53;   0.00;   0.00,   0.53, 1464014190.74
  0.00;   0.53;   0.00;   0.00,   0.53, 1464014190.76
  0.00;   0.49;   0.00;   0.00,   0.49, 1464014190.76
  0.00;   0.46;   0.00;   0.00,   0.46, 1464014190.78
  0.00;   0.46;   0.00;   0.00,   0.46, 1464014190.78
  0.00;   0.44;   0.00;   0.00,   0.44, 1464014190.80
  0.00;   0.46;   0.00;   0.00,   0.46, 1464014190.80
  0.00;   0.46;   0.00;   0.00,   0.46, 1464014190.82
  0.00;   0.45;   0.00;   0.00,   0.45, 1464014190.82
  0.00;   0.45;   0.00;   0.00,   0.45, 1464014190.84
  0.00;   0.44;   0.00;   0.00,   0.44, 1464014190.84
  0.00;   0.46;   0.00;   0.00,   0.46, 1464014190.86
  0.00;   0.46;   0.00;   0.00,   0.46, 1464014190.86
  0.00;   0.43;   0.00;   0.00,   0.43, 1464014190.88
  0.00;   0.50;   0.00;   0.00,   0.50, 1464014190.88
  0.00;   0.50;   0.00;   0.00,   0.50, 1464014190.90
  0.00;   0.49;   0.00;   0.00,   0.49, 1464014190.90
  0.00;   0.49;   0.00;   0.00,   0.49, 1464014190.92
  0.00;   0.51;   0.00;   0.00,   0.51, 1464014190.92
  0.00;   0.48;   0.00;   0.00,   0.48, 1464014190.94
  0.00;   0.48;   0.00;   0.00,   0.48, 1464014190.94
  0.00;   0.46;   0.00;   0.00,   0.46, 1464014190.96
  0.00;   0.44;   0.00;   0.00,   0.44, 1464014190.96
  0.00;   0.44;   0.00;   0.00,   0.44, 1464014190.98
  0.00;   0.51;   0.00;   0.00,   0.51, 1464014190.98
  0.00;   0.51;   0.00;   0.00,   0.51, 1464014191.00
  0.00;   0.48;   0.00;   0.00,   0.48, 1464014191.00
  0.00;   0.42;   0.00;   0.00,   0.42, 1464014191.02
  0.00;   0.42;   0.00;   0.00,   0.42, 1464014191.02
  0.00;   0.41;   0.00;   0.00,   0.41, 1464014191.04
  0.00;   0.52;   0.00;   0.00,   0.52, 1464014191.04
  0.00;   0.52;   0.00;   0.00,   0.52, 1464014191.06
  0.00;   0.45;   0.00;   0.00,   0.45, 1464014191.06
  0.00;   0.45;   0.00;   0.00,   0.45, 1464014191.08
  0.00;   0.45;   0.00;   0.00,   0.45, 1464014191.08
  0.00;   0.48;   0.00;   0.00,   0.48, 1464014191.10
  0.00;   0.48;   0.00;   0.00,   0.48, 1464014191.10
  0.00;   0.41;   0.00;   0.00,   0.41, 1464014191.12
  0.00;   0.48;   0.00;   0.00,   0.48, 1464014191.12
  0.00;   0.48;   0.00;   0.00,   0.48, 1464014191.14
  0.00;   0.42;   0.00;   0.00,   0.42, 1464014191.14
  0.00;   0.42;   0.00;   0.00,   0.42, 1464014191.16
  0.00;   0.51;   0.00;   0.00,   0.51, 1464014191.16
  0.00;   0.43;   0.00;   0.00,   0.43, 1464014191.18
  0.00;   0.43;   0.00;   0.00,   0.43, 1464014191.18
  0.00;   0.46;   0.00;   0.00,   0.46, 1464014191.19
  0.00;   0.44;   0.00;   0.00,   0.44, 1464014191.21
  0.00;   0.44;   0.00;   0.00,   0.44, 1464014191.21
  0.00;   0.47;   0.00;   0.00,   0.47, 1464014191.23
  0.00;   0.47;   0.00;   0.00,   0.47, 1464014191.23
  0.00;   0.45;   0.00;   0.00,   0.45, 1464014191.25
  0.00;   0.45;   0.00;   0.00,   0.45, 1464014191.25
  0.00;   0.45;   0.00;   0.00,   0.45, 1464014191.27
  0.00;   0.49;   0.00;   0.00,   0.49, 1464014191.27
  0.00;   0.43;   0.00;   0.00,   0.43, 1464014191.29
  0.00;   0.43;   0.00;   0.00,   0.43, 1464014191.30
  0.00;   0.43;   0.00;   0.00,   0.43, 1464014191.31
  0.00;   0.43;   0.00;   0.00,   0.43, 1464014191.32
  0.00;   0.43;   0.00;   0.00,   0.43, 1464014191.33
  0.00;   0.44;   0.00;   0.00,   0.44, 1464014191.34
  0.00;   0.44;   0.00;   0.00,   0.44, 1464014191.35
  0.00;   0.46;   0.00;   0.00,   0.46, 1464014191.36
  0.00;   0.43;   0.00;   0.00,   0.43, 1464014191.37
  0.00;   0.43;   0.00;   0.00,   0.43, 1464014191.38
  0.00;   0.45;   0.00;   0.00,   0.45, 1464014191.39
  0.00;   0.45;   0.00;   0.00,   0.45, 1464014191.40
  0.00;   0.45;   0.00;   0.00,   0.45, 1464014191.42
  0.00;   0.40;   0.00;   0.00,   0.40, 1464014191.42
  0.00;   0.40;   0.00;   0.00,   0.40, 1464014191.43
  0.00;   0.47;   0.00;   0.00,   0.47, 1464014191.44
  0.00;   0.45;   0.00;   0.00,   0.45, 1464014191.45
  0.00;   0.45;   0.00;   0.00,   0.45, 1464014191.46
  0.00;   0.44;   0.00;   0.00,   0.44, 1464014191.47
  0.00;   0.44;   0.00;   0.00,   0.44, 1464014191.49
  0.00;   0.50;   0.00;   0.00,   0.50, 1464014191.49
  0.00;   0.52;   0.00;   0.00,   0.52, 1464014191.51
  0.00;   0.52;   0.00;   0.00,   0.52, 1464014191.51
  0.00;   0.46;   0.00;   0.00,   0.46, 1464014191.53
  0.00;   0.48;   0.00;   0.00,   0.48, 1464014191.53
  0.00;   0.48;   0.00;   0.00,   0.48, 1464014191.55
  0.00;   0.40;   0.00;   0.00,   0.40, 1464014191.55
  0.00;   0.40;   0.00;   0.00,   0.40, 1464014191.57
  0.00;   0.44;   0.00;   0.00,   0.44, 1464014191.57
  0.00;   0.50;   0.00;   0.00,   0.50, 1464014191.59
  0.00;   0.50;   0.00;   0.00,   0.50, 1464014191.59
  0.00;   0.50;   0.00;   0.00,   0.50, 1464014191.61
  0.00;   0.46;   0.00;   0.00,   0.46, 1464014191.61
  0.00;   0.46;   0.00;   0.00,   0.46, 1464014191.63
  0.00;   0.41;   0.00;   0.00,   0.41, 1464014191.64
  0.00;   0.41;   0.00;   0.00,   0.41, 1464014191.64
  0.00;   0.41;   0.00;   0.00,   0.41, 1464014191.65
  0.00;   0.44;   0.00;   0.00,   0.44, 1464014191.66
  0.00;   0.44;   0.00;   0.00,   0.44, 1464014191.67
  0.00;   0.43;   0.00;   0.00,   0.43, 1464014191.69
  0.00;   0.46;   0.00;   0.00,   0.46, 1464014191.69
  0.00;   0.46;   0.00;   0.00,   0.46, 1464014191.71
  0.00;   0.45;   0.00;   0.00,   0.45, 1464014191.71
  0.00;   0.46;   0.00;   0.00,   0.46, 1464014191.73
  0.00;   0.46;   0.00;   0.00,   0.46, 1464014191.73
  0.00;   0.47;   0.00;   0.00,   0.47, 1464014191.75
  0.00;   0.47;   0.00;   0.00,   0.47, 1464014191.75
  0.00;   0.38;   0.00;   0.00,   0.38, 1464014191.77
  0.00;   0.48;   0.00;   0.00,   0.48, 1464014191.77
  0.00;   0.48;   0.00;   0.00,   0.48, 1464014191.79
  0.00;   0.48;   0.00;   0.00,   0.48, 1464014191.79
  0.00;   0.45;   0.00;   0.00,   0.45, 1464014191.81
  0.00;   0.45;   0.00;   0.00,   0.45, 1464014191.81
  0.00;   0.44;   0.00;   0.00,   0.44, 1464014191.83
  0.00;   0.44;   0.00;   0.00,   0.44, 1464014191.83
  0.00;   0.45;   0.00;   0.00,   0.45, 1464014191.85
  0.00;   0.49;   0.00;   0.00,   0.49, 1464014191.85
  0.00;   0.49;   0.00;   0.00,   0.49, 1464014191.87
  0.00;   0.46;   0.00;   0.00,   0.46, 1464014191.87
  0.00;   0.46;   0.00;   0.00,   0.46, 1464014191.89
  0.00;   0.46;   0.00;   0.00,   0.46, 1464014191.89
  0.00;   0.39;   0.00;   0.00,   0.39, 1464014191.91
  0.00;   0.39;   0.00;   0.00,   0.39, 1464014191.91
  0.00;   0.46;   0.00;   0.00,   0.46, 1464014191.93
  0.00;   0.50;   0.00;   0.00,   0.50, 1464014191.93
  0.00;   0.50;   0.00;   0.00,   0.50, 1464014191.95
  0.00;   0.47;   0.00;   0.00,   0.47, 1464014191.95
  0.00;   0.47;   0.00;   0.00,   0.47, 1464014191.97
  0.00;   0.47;   0.00;   0.00,   0.47, 1464014191.97
  0.00;   0.43;   0.00;   0.00,   0.43, 1464014191.99
  0.00;   0.43;   0.00;   0.00,   0.43, 1464014191.99
  0.00;   0.48;   0.00;   0.00,   0.48, 1464014192.01
  0.00;   0.47;   0.00;   0.00,   0.47, 1464014192.01
  0.00;   0.47;   0.00;   0.00,   0.47, 1464014192.03
  0.00;   0.50;   0.00;   0.00,   0.50, 1464014192.03
  0.00;   0.50;   0.00;   0.00,   0.50, 1464014192.05
  0.00;   0.47;   0.00;   0.00,   0.47, 1464014192.05
  0.00;   0.39;   0.00;   0.00,   0.39, 1464014192.07
  0.00;   0.39;   0.00;   0.00,   0.39, 1464014192.08
  0.00;   0.47;   0.00;   0.00,   0.47, 1464014192.09
  0.00;   0.46;   0.00;   0.00,   0.46, 1464014192.10
  0.00;   0.46;   0.00;   0.00,   0.46, 1464014192.11
  0.00;   0.48;   0.00;   0.00,   0.48, 1464014192.12
  0.00;   0.49;   0.00;   0.00,   0.49, 1464014192.13
  0.00;   0.49;   0.00;   0.00,   0.49, 1464014192.14
  0.00;   0.47;   0.00;   0.00,   0.47, 1464014192.15
  0.00;   0.47;   0.00;   0.00,   0.47, 1464014192.16
  0.00;   0.46;   0.00;   0.00,   0.46, 1464014192.17
  0.00;   0.52;   0.00;   0.00,   0.52, 1464014192.18
  0.00;   0.52;   0.00;   0.00,   0.52, 1464014192.19
  0.00;   0.54;   0.00;   0.00,   0.54, 1464014192.20
  0.00;   0.54;   0.00;   0.00,   0.54, 1464014192.21
  0.00;   0.46;   0.00;   0.00,   0.46, 1464014192.22
  0.00;   0.48;   0.00;   0.00,   0.48, 1464014192.23
  0.00;   0.48;   0.00;   0.00,   0.48, 1464014192.24
  0.00;   0.50;   0.00;   0.00,   0.50, 1464014192.25
  0.00;   0.47;   0.00;   0.00,   0.47, 1464014192.26
  0.00;   0.47;   0.00;   0.00,   0.47, 1464014192.28
  0.00;   0.50;   0.00;   0.00,   0.50, 1464014192.28
  0.00;   0.50;   0.00;   0.00,   0.50, 1464014192.30
  0.00;   0.50;   0.00;   0.00,   0.50, 1464014192.30
  0.00;   0.39;   0.00;   0.00,   0.39, 1464014192.32
  0.00;   0.39;   0.00;   0.00,   0.39, 1464014192.32
  0.00;   0.47;   0.00;   0.00,   0.47, 1464014192.34
  0.00;   0.46;   0.00;   0.00,   0.46, 1464014192.34
  0.00;   0.46;   0.00;   0.00,   0.46, 1464014192.36
  0.00;   0.47;   0.00;   0.00,   0.47, 1464014192.36
  0.00;   0.47;   0.00;   0.00,   0.47, 1464014192.38
  0.00;   0.47;   0.00;   0.00,   0.47, 1464014192.38
  0.00;   0.49;   0.00;   0.00,   0.49, 1464014192.40
  0.00;   0.49;   0.00;   0.00,   0.49, 1464014192.40
  0.00;   0.46;   0.00;   0.00,   0.46, 1464014192.42
  0.00;   0.47;   0.00;   0.00,   0.47, 1464014192.42
  0.00;   0.47;   0.00;   0.00,   0.47, 1464014192.44
  0.00;   0.50;   0.00;   0.00,   0.50, 1464014192.44
  0.00;   0.50;   0.00;   0.00,   0.50, 1464014192.46
  0.00;   0.50;   0.00;   0.00,   0.50, 1464014192.46
  0.00;   0.40;   0.00;   0.00,   0.40, 1464014192.48
  0.00;   0.40;   0.00;   0.00,   0.40, 1464014192.48
  0.00;   0.47;   0.00;   0.00,   0.47, 1464014192.50
  0.00;   0.43;   0.00;   0.00,   0.43, 1464014192.50
  0.00;   0.43;   0.00;   0.00,   0.43, 1464014192.52
  0.00;   0.43;   0.00;   0.00,   0.43, 1464014192.52
  0.00;   0.44;   0.00;   0.00,   0.44, 1464014192.54
  0.00;   0.44;   0.00;   0.00,   0.44, 1464014192.54
  0.00;   0.46;   0.00;   0.00,   0.46, 1464014192.56
  0.00;   0.46;   0.00;   0.00,   0.46, 1464014192.56
  0.00;   0.45;   0.00;   0.00,   0.45, 1464014192.58
  0.00;   0.43;   0.00;   0.00,   0.43, 1464014192.58
  0.00;   0.43;   0.00;   0.00,   0.43, 1464014192.60
  0.00;   0.45;   0.00;   0.00,   0.45, 1464014192.60
  0.00;   0.42;   0.00;   0.00,   0.42, 1464014192.62
  0.00;   0.42;   0.00;   0.00,   0.42, 1464014192.62
  0.00;   0.45;   0.00;   0.00,   0.45, 1464014192.64
  0.00;   0.45;   0.00;   0.00,   0.45, 1464014192.64
  0.00;   0.42;   0.00;   0.00,   0.42, 1464014192.66
  0.00;   0.46;   0.00;   0.00,   0.46, 1464014192.66
  0.00;   0.46;   0.00;   0.00,   0.46, 1464014192.68
  0.00;   0.48;   0.00;   0.00,   0.48, 1464014192.68
  0.00;   0.50;   0.00;   0.00,   0.50, 1464014192.70
  0.00;   0.50;   0.00;   0.00,   0.50, 1464014192.70
  0.00;   0.49;   0.00;   0.00,   0.49, 1464014192.72
  0.00;   0.49;   0.00;   0.00,   0.49, 1464014192.72
  0.00;   0.41;   0.00;   0.00,   0.41, 1464014192.74
  0.00;   0.48;   0.00;   0.00,   0.48, 1464014192.74
  0.00;   0.48;   0.00;   0.00,   0.48, 1464014192.76
  0.00;   0.53;   0.00;   0.00,   0.53, 1464014192.76
  0.00;   0.44;   0.00;   0.00,   0.44, 1464014192.78
  0.00;   0.44;   0.00;   0.00,   0.44, 1464014192.78
  0.00;   0.52;   0.00;   0.00,   0.52, 1464014192.80
  0.00;   0.52;   0.00;   0.00,   0.52, 1464014192.80
  0.00;   0.45;   0.00;   0.00,   0.45, 1464014192.82
  0.00;   0.53;   0.00;   0.00,   0.53, 1464014192.82
  0.00;   0.53;   0.00;   0.00,   0.53, 1464014192.84
  0.00;   0.41;   0.00;   0.00,   0.41, 1464014192.84
  0.00;   0.46;   0.00;   0.00,   0.46, 1464014192.87
  0.00;   0.46;   0.00;   0.00,   0.46, 1464014192.87
  0.00;   0.41;   0.00;   0.00,   0.41, 1464014192.88
  0.00;   0.41;   0.00;   0.00,   0.41, 1464014192.89
  0.00;   0.44;   0.00;   0.00,   0.44, 1464014192.90
  0.00;   0.50;   0.00;   0.00,   0.50, 1464014192.91
  0.00;   0.50;   0.00;   0.00,   0.50, 1464014192.92
  0.00;   0.45;   0.00;   0.00,   0.45, 1464014192.93
  0.00;   0.43;   0.00;   0.00,   0.43, 1464014192.94
  0.00;   0.43;   0.00;   0.00,   0.43, 1464014192.95
  0.00;   0.46;   0.00;   0.00,   0.46, 1464014192.96
  0.00;   0.46;   0.00;   0.00,   0.46, 1464014192.97
  0.00;   0.46;   0.00;   0.00,   0.46, 1464014192.98
  0.00;   0.41;   0.00;   0.00,   0.41, 1464014192.99
  0.00;   0.41;   0.00;   0.00,   0.41, 1464014193.00
  0.00;   0.47;   0.00;   0.00,   0.47, 1464014193.01
  0.00;   0.47;   0.00;   0.00,   0.47, 1464014193.02
  0.00;   0.46;   0.00;   0.00,   0.46, 1464014193.03
  0.00;   0.51;   0.00;   0.00,   0.51, 1464014193.04
  0.00;   0.51;   0.00;   0.00,   0.51, 1464014193.05
  0.00;   0.47;   0.00;   0.00,   0.47, 1464014193.06
  0.00;   0.47;   0.00;   0.00,   0.47, 1464014193.07
  0.00;   0.47;   0.00;   0.00,   0.47, 1464014193.08
  0.00;   0.47;   0.00;   0.00,   0.47, 1464014193.09
  0.00;   0.47;   0.00;   0.00,   0.47, 1464014193.10
  0.00;   0.54;   0.00;   0.00,   0.54, 1464014193.11
  0.00;   0.55;   0.00;   0.00,   0.55, 1464014193.12
  0.00;   0.55;   0.00;   0.00,   0.55, 1464014193.13
  0.00;   0.47;   0.00;   0.00,   0.47, 1464014193.14
  0.00;   0.43;   0.00;   0.00,   0.43, 1464014193.15
  0.00;   0.43;   0.00;   0.00,   0.43, 1464014193.16
  0.00;   0.43;   0.00;   0.00,   0.43, 1464014193.17
  0.00;   0.43;   0.00;   0.00,   0.43, 1464014193.18
  0.00;   0.48;   0.00;   0.00,   0.48, 1464014193.20
  0.00;   0.51;   0.00;   0.00,   0.51, 1464014193.20
  0.00;   0.51;   0.00;   0.00,   0.51, 1464014193.22
  0.00;   0.40;   0.00;   0.00,   0.40, 1464014193.22
  0.00;   0.41;   0.00;   0.00,   0.41, 1464014193.24
  0.00;   0.41;   0.00;   0.00,   0.41, 1464014193.24
  0.00;   0.46;   0.00;   0.00,   0.46, 1464014193.26
  0.00;   0.46;   0.00;   0.00,   0.46, 1464014193.26
  0.00;   0.45;   0.00;   0.00,   0.45, 1464014193.28
  0.00;   0.50;   0.00;   0.00,   0.50, 1464014193.28
  0.00;   0.50;   0.00;   0.00,   0.50, 1464014193.30
  0.00;   0.45;   0.00;   0.00,   0.45, 1464014193.30
  0.00;   0.44;   0.00;   0.00,   0.44, 1464014193.32
  0.00;   0.44;   0.00;   0.00,   0.44, 1464014193.32
  0.00;   0.46;   0.00;   0.00,   0.46, 1464014193.34
  0.00;   0.46;   0.00;   0.00,   0.46, 1464014193.34
  0.00;   0.50;   0.00;   0.00,   0.50, 1464014193.35
  0.00;   0.49;   0.00;   0.00,   0.49, 1464014193.37
  0.00;   0.49;   0.00;   0.00,   0.49, 1464014193.37
  0.00;   0.45;   0.00;   0.00,   0.45, 1464014193.39
  0.00;   0.49;   0.00;   0.00,   0.49, 1464014193.39
  0.00;   0.49;   0.00;   0.00,   0.49, 1464014193.41
  0.00;   0.43;   0.00;   0.00,   0.43, 1464014193.41
  0.00;   0.43;   0.00;   0.00,   0.43, 1464014193.43
  0.00;   0.50;   0.00;   0.00,   0.50, 1464014193.43
  0.00;   0.46;   0.00;   0.00,   0.46, 1464014193.45
  0.00;   0.46;   0.00;   0.00,   0.46, 1464014193.45
  0.00;   0.47;   0.00;   0.00,   0.47, 1464014193.47
  0.00;   0.49;   0.00;   0.00,   0.49, 1464014193.47
  0.00;   0.49;   0.00;   0.00,   0.49, 1464014193.49
  0.00;   0.51;   0.00;   0.00,   0.51, 1464014193.49
  0.00;   0.51;   0.00;   0.00,   0.51, 1464014193.51
  0.00;   0.40;   0.00;   0.00,   0.40, 1464014193.51
  0.00;   0.46;   0.00;   0.00,   0.46, 1464014193.53
  0.00;   0.46;   0.00;   0.00,   0.46, 1464014193.53
  0.00;   0.45;   0.00;   0.00,   0.45, 1464014193.55
  0.00;   0.46;   0.00;   0.00,   0.46, 1464014193.55
  0.00;   0.46;   0.00;   0.00,   0.46, 1464014193.57
  0.00;   0.45;   0.00;   0.00,   0.45, 1464014193.57
  0.00;   0.45;   0.00;   0.00,   0.45, 1464014193.59
  0.00;   0.45;   0.00;   0.00,   0.45, 1464014193.59
  0.00;   0.41;   0.00;   0.00,   0.41, 1464014193.61
  0.00;   0.41;   0.00;   0.00,   0.41, 1464014193.61
  0.00;   0.43;   0.00;   0.00,   0.43, 1464014193.63
  0.00;   0.46;   0.00;   0.00,   0.46, 1464014193.63
  0.00;   0.46;   0.00;   0.00,   0.46, 1464014193.65
  0.00;   0.47;   0.00;   0.00,   0.47, 1464014193.65
  0.00;   0.47;   0.00;   0.00,   0.47, 1464014193.67
  0.00;   0.44;   0.00;   0.00,   0.44, 1464014193.67
  0.00;   0.49;   0.00;   0.00,   0.49, 1464014193.69
  0.00;   0.49;   0.00;   0.00,   0.49, 1464014193.69
  0.00;   0.45;   0.00;   0.00,   0.45, 1464014193.71
  0.00;   0.41;   0.00;   0.00,   0.41, 1464014193.71
  0.00;   0.41;   0.00;   0.00,   0.41, 1464014193.73
  0.00;   0.47;   0.00;   0.00,   0.47, 1464014193.73
  0.00;   0.47;   0.00;   0.00,   0.47, 1464014193.75
  0.00;   0.48;   0.00;   0.00,   0.48, 1464014193.75
  0.00;   0.43;   0.00;   0.00,   0.43, 1464014193.77
  0.00;   0.43;   0.00;   0.00,   0.43, 1464014193.77
  0.00;   0.49;   0.00;   0.00,   0.49, 1464014193.79
  0.00;   0.41;   0.00;   0.00,   0.41, 1464014193.79
  0.00;   0.41;   0.00;   0.00,   0.41, 1464014193.81
  0.00;   0.48;   0.00;   0.00,   0.48, 1464014193.81
  0.00;   0.48;   0.00;   0.00,   0.48, 1464014193.83
  0.00;   0.44;   0.00;   0.00,   0.44, 1464014193.83
  0.00;   0.47;   0.00;   0.00,   0.47, 1464014193.85
  0.00;   0.47;   0.00;   0.00,   0.47, 1464014193.85
  0.00;   0.44;   0.00;   0.00,   0.44, 1464014193.87
  0.00;   0.46;   0.00;   0.00,   0.46, 1464014193.87
  0.00;   0.46;   0.00;   0.00,   0.46, 1464014193.89
  0.00;   0.53;   0.00;   0.00,   0.53, 1464014193.90
  0.00;   0.53;   0.00;   0.00,   0.53, 1464014193.91
  0.00;   0.49;   0.00;   0.00,   0.49, 1464014193.92
  0.00;   0.40;   0.00;   0.00,   0.40, 1464014193.93
  0.00;   0.40;   0.00;   0.00,   0.40, 1464014193.94
  0.00;   0.42;   0.00;   0.00,   0.42, 1464014193.95
  0.00;   0.49;   0.00;   0.00,   0.49, 1464014193.96
  0.00;   0.49;   0.00;   0.00,   0.49, 1464014193.97
  0.00;   0.40;   0.00;   0.00,   0.40, 1464014193.98
  0.00;   0.40;   0.00;   0.00,   0.40, 1464014193.99
  0.00;   0.47;   0.00;   0.00,   0.47, 1464014194.00
  0.00;   0.49;   0.00;   0.00,   0.49, 1464014194.01
  0.00;   0.49;   0.00;   0.00,   0.49, 1464014194.02
  0.00;   0.46;   0.00;   0.00,   0.46, 1464014194.03
  0.00;   0.49;   0.00;   0.00,   0.49, 1464014194.04
  0.00;   0.49;   0.00;   0.00,   0.49, 1464014194.05
  0.00;   0.48;   0.00;   0.00,   0.48, 1464014194.06
  0.00;   0.48;   0.00;   0.00,   0.48, 1464014194.07
  0.00;   0.50;   0.00;   0.00,   0.50, 1464014194.08
  0.00;   0.49;   0.00;   0.00,   0.49, 1464014194.09
  0.00;   0.49;   0.00;   0.00,   0.49, 1464014194.10
  0.00;   0.50;   0.00;   0.00,   0.50, 1464014194.11
  0.00;   0.50;   0.00;   0.00,   0.50, 1464014194.12
  0.00;   0.43;   0.00;   0.00,   0.43, 1464014194.15
  0.00;   0.46;   0.00;   0.00,   0.46, 1464014194.15
  0.00;   0.45;   0.00;   0.00,   0.45, 1464014194.17
  0.00;   0.45;   0.00;   0.00,   0.45, 1464014194.17
  0.00;   0.45;   0.00;   0.00,   0.45, 1464014194.18
  0.00;   0.49;   0.00;   0.00,   0.49, 1464014194.19
  0.00;   0.42;   0.00;   0.00,   0.42, 1464014194.21
  0.00;   0.42;   0.00;   0.00,   0.42, 1464014194.21
  0.00;   0.47;   0.00;   0.00,   0.47, 1464014194.23
  0.00;   0.47;   0.00;   0.00,   0.47, 1464014194.23
  0.00;   0.46;   0.00;   0.00,   0.46, 1464014194.25
  0.00;   0.41;   0.00;   0.00,   0.41, 1464014194.25
  0.00;   0.41;   0.00;   0.00,   0.41, 1464014194.27
  0.00;   0.46;   0.00;   0.00,   0.46, 1464014194.27
  0.00;   0.41;   0.00;   0.00,   0.41, 1464014194.29
  0.00;   0.41;   0.00;   0.00,   0.41, 1464014194.29
  0.00;   0.44;   0.00;   0.00,   0.44, 1464014194.31
  0.00;   0.44;   0.00;   0.00,   0.44, 1464014194.31
  0.00;   0.43;   0.00;   0.00,   0.43, 1464014194.33
  0.00;   0.50;   0.00;   0.00,   0.50, 1464014194.33
  0.00;   0.50;   0.00;   0.00,   0.50, 1464014194.35
  0.00;   0.42;   0.00;   0.00,   0.42, 1464014194.35
  0.00;   0.42;   0.00;   0.00,   0.42, 1464014194.37
  0.00;   0.42;   0.00;   0.00,   0.42, 1464014194.37
  0.00;   0.45;   0.00;   0.00,   0.45, 1464014194.39
  0.00;   0.45;   0.00;   0.00,   0.45, 1464014194.39
  0.00;   0.42;   0.00;   0.00,   0.42, 1464014194.41
  0.00;   0.44;   0.00;   0.00,   0.44, 1464014194.41
  0.00;   0.44;   0.00;   0.00,   0.44, 1464014194.43
  0.00;   0.50;   0.00;   0.00,   0.50, 1464014194.43
  0.00;   0.42;   0.00;   0.00,   0.42, 1464014194.45
  0.00;   0.42;   0.00;   0.00,   0.42, 1464014194.45
  0.00;   0.48;   0.00;   0.00,   0.48, 1464014194.47
  0.00;   0.48;   0.00;   0.00,   0.48, 1464014194.47
  0.00;   0.49;   0.00;   0.00,   0.49, 1464014194.49
  0.00;   0.49;   0.00;   0.00,   0.49, 1464014194.49
  0.00;   0.49;   0.00;   0.00,   0.49, 1464014194.51
  0.00;   0.48;   0.00;   0.00,   0.48, 1464014194.51
  0.00;   0.45;   0.00;   0.00,   0.45, 1464014194.53
  0.00;   0.45;   0.00;   0.00,   0.45, 1464014194.53
  0.00;   0.47;   0.00;   0.00,   0.47, 1464014194.55
  0.00;   0.47;   0.00;   0.00,   0.47, 1464014194.55
  0.00;   0.46;   0.00;   0.00,   0.46, 1464014194.57
  0.00;   0.45;   0.00;   0.00,   0.45, 1464014194.57
  0.00;   0.45;   0.00;   0.00,   0.45, 1464014194.59
  0.00;   0.44;   0.00;   0.00,   0.44, 1464014194.59
  0.00;   0.47;   0.00;   0.00,   0.47, 1464014194.61
  0.00;   0.47;   0.00;   0.00,   0.47, 1464014194.61
  0.00;   0.41;   0.00;   0.00,   0.41, 1464014194.63
  0.00;   0.41;   0.00;   0.00,   0.41, 1464014194.63
  0.00;   0.41;   0.00;   0.00,   0.41, 1464014194.65
  0.00;   0.49;   0.00;   0.00,   0.49, 1464014194.65
  0.00;   0.49;   0.00;   0.00,   0.49, 1464014194.67
  0.00;   0.49;   0.00;   0.00,   0.49, 1464014194.67
  0.00;   0.42;   0.00;   0.00,   0.42, 1464014194.69
  0.00;   0.42;   0.00;   0.00,   0.42, 1464014194.69
  0.00;   0.45;   0.00;   0.00,   0.45, 1464014194.71
  0.00;   0.45;   0.00;   0.00,   0.45, 1464014194.72
  0.00;   0.50;   0.00;   0.00,   0.50, 1464014194.73
  0.00;   0.45;   0.00;   0.00,   0.45, 1464014194.74
  0.00;   0.45;   0.00;   0.00,   0.45, 1464014194.75
  0.00;   0.42;   0.00;   0.00,   0.42, 1464014194.76
  0.00;   0.43;   0.00;   0.00,   0.43, 1464014194.77
  0.00;   0.43;   0.00;   0.00,   0.43, 1464014194.78
  0.00;   0.43;   0.00;   0.00,   0.43, 1464014194.79
  0.00;   0.43;   0.00;   0.00,   0.43, 1464014194.80
  0.00;   0.47;   0.00;   0.00,   0.47, 1464014194.81
  0.00;   0.40;   0.00;   0.00,   0.40, 1464014194.82
  0.00;   0.40;   0.00;   0.00,   0.40, 1464014194.83
  0.00;   0.52;   0.00;   0.00,   0.52, 1464014194.84
  0.00;   0.49;   0.00;   0.00,   0.49, 1464014194.85
  0.00;   0.49;   0.00;   0.00,   0.49, 1464014194.86
  0.00;   0.46;   0.00;   0.00,   0.46, 1464014194.87
  0.00;   0.46;   0.00;   0.00,   0.46, 1464014194.88
  0.00;   0.41;   0.00;   0.00,   0.41, 1464014194.89
  0.00;   0.47;   0.00;   0.00,   0.47, 1464014194.90
  0.00;   0.47;   0.00;   0.00,   0.47, 1464014194.91
  0.00;   0.47;   0.00;   0.00,   0.47, 1464014194.92
  0.00;   0.46;   0.00;   0.00,   0.46, 1464014194.93
  0.00;   0.46;   0.00;   0.00,   0.46, 1464014194.94
  0.00;   0.48;   0.00;   0.00,   0.48, 1464014194.95
  0.00;   0.48;   0.00;   0.00,   0.48, 1464014194.96
  0.00;   0.50;   0.00;   0.00,   0.50, 1464014194.97
  0.00;   0.45;   0.00;   0.00,   0.45, 1464014194.98
  0.00;   0.45;   0.00;   0.00,   0.45, 1464014194.99
  0.00;   0.49;   0.00;   0.00,   0.49, 1464014195.00
  0.00;   0.43;   0.00;   0.00,   0.43, 1464014195.02
  0.00;   0.43;   0.00;   0.00,   0.43, 1464014195.02
  0.00;   0.47;   0.00;   0.00,   0.47, 1464014195.04
  0.00;   0.47;   0.00;   0.00,   0.47, 1464014195.04
  0.00;   0.43;   0.00;   0.00,   0.43, 1464014195.06
  0.00;   0.46;   0.00;   0.00,   0.46, 1464014195.06
  0.00;   0.46;   0.00;   0.00,   0.46, 1464014195.08
  0.00;   0.45;   0.00;   0.00,   0.45, 1464014195.08
  0.00;   0.43;   0.00;   0.00,   0.43, 1464014195.10
  0.00;   0.43;   0.00;   0.00,   0.43, 1464014195.10
  0.00;   0.40;   0.00;   0.00,   0.40, 1464014195.12
  0.00;   0.40;   0.00;   0.00,   0.40, 1464014195.12
  0.00;   0.46;   0.00;   0.00,   0.46, 1464014195.14
  0.00;   0.45;   0.00;   0.00,   0.45, 1464014195.14
  0.00;   0.45;   0.00;   0.00,   0.45, 1464014195.16
  0.00;   0.43;   0.00;   0.00,   0.43, 1464014195.16
  0.00;   0.42;   0.00;   0.00,   0.42, 1464014195.18
  0.00;   0.42;   0.00;   0.00,   0.42, 1464014195.18
  0.00;   0.43;   0.00;   0.00,   0.43, 1464014195.20
  0.00;   0.43;   0.00;   0.00,   0.43, 1464014195.20
  0.00;   0.47;   0.00;   0.00,   0.47, 1464014195.22
  0.00;   0.47;   0.00;   0.00,   0.47, 1464014195.22
  0.00;   0.47;   0.00;   0.00,   0.47, 1464014195.24
  0.00;   0.47;   0.00;   0.00,   0.47, 1464014195.24
  0.00;   0.48;   0.00;   0.00,   0.48, 1464014195.26
  0.00;   0.48;   0.00;   0.00,   0.48, 1464014195.26
  0.00;   0.50;   0.00;   0.00,   0.50, 1464014195.28
  0.00;   0.50;   0.00;   0.00,   0.50, 1464014195.28
  0.00;   0.47;   0.00;   0.00,   0.47, 1464014195.30
  0.00;   0.49;   0.00;   0.00,   0.49, 1464014195.30
  0.00;   0.49;   0.00;   0.00,   0.49, 1464014195.32
  0.00;   0.46;   0.00;   0.00,   0.46, 1464014195.32
  0.00;   0.41;   0.00;   0.00,   0.41, 1464014195.34
  0.00;   0.41;   0.00;   0.00,   0.41, 1464014195.34
  0.00;   0.52;   0.00;   0.00,   0.52, 1464014195.36
  0.00;   0.52;   0.00;   0.00,   0.52, 1464014195.36
  0.00;   0.46;   0.00;   0.00,   0.46, 1464014195.38
  0.00;   0.51;   0.00;   0.00,   0.51, 1464014195.38
  0.00;   0.51;   0.00;   0.00,   0.51, 1464014195.40
  0.00;   0.47;   0.00;   0.00,   0.47, 1464014195.40
  0.00;   0.43;   0.00;   0.00,   0.43, 1464014195.43
  0.00;   0.43;   0.00;   0.00,   0.43, 1464014195.43
  0.00;   0.42;   0.00;   0.00,   0.42, 1464014195.43
  0.00;   0.42;   0.00;   0.00,   0.42, 1464014195.45
  0.00;   0.44;   0.00;   0.00,   0.44, 1464014195.45
  0.00;   0.44;   0.00;   0.00,   0.44, 1464014195.47
  0.00;   0.44;   0.00;   0.00,   0.44, 1464014195.47
  0.00;   0.43;   0.00;   0.00,   0.43, 1464014195.49
  0.00;   0.46;   0.00;   0.00,   0.46, 1464014195.49
  0.00;   0.46;   0.00;   0.00,   0.46, 1464014195.51
  0.00;   0.49;   0.00;   0.00,   0.49, 1464014195.51
  0.00;   0.49;   0.00;   0.00,   0.49, 1464014195.53
  0.00;   0.45;   0.00;   0.00,   0.45, 1464014195.53
  0.00;   0.52;   0.00;   0.00,   0.52, 1464014195.55
  0.00;   0.52;   0.00;   0.00,   0.52, 1464014195.56
  0.00;   0.41;   0.00;   0.00,   0.41, 1464014195.57
  0.00;   0.48;   0.00;   0.00,   0.48, 1464014195.58
  0.00;   0.48;   0.00;   0.00,   0.48, 1464014195.59
  0.00;   0.47;   0.00;   0.00,   0.47, 1464014195.60
  0.00;   0.45;   0.00;   0.00,   0.45, 1464014195.61
  0.00;   0.45;   0.00;   0.00,   0.45, 1464014195.62
  0.00;   0.49;   0.00;   0.00,   0.49, 1464014195.63
  0.00;   0.49;   0.00;   0.00,   0.49, 1464014195.64
  0.00;   0.38;   0.00;   0.00,   0.38, 1464014195.65
  0.00;   0.49;   0.00;   0.00,   0.49, 1464014195.66
  0.00;   0.49;   0.00;   0.00,   0.49, 1464014195.67
  0.00;   0.47;   0.00;   0.00,   0.47, 1464014195.69
  0.00;   0.42;   0.00;   0.00,   0.42, 1464014195.69
  0.00;   0.42;   0.00;   0.00,   0.42, 1464014195.70
  0.00;   0.48;   0.00;   0.00,   0.48, 1464014195.71
  0.00;   0.48;   0.00;   0.00,   0.48, 1464014195.73
  0.00;   0.39;   0.00;   0.00,   0.39, 1464014195.73
  0.00;   0.43;   0.00;   0.00,   0.43, 1464014195.75
  0.00;   0.43;   0.00;   0.00,   0.43, 1464014195.75
  0.00;   0.46;   0.00;   0.00,   0.46, 1464014195.77
  0.00;   0.49;   0.00;   0.00,   0.49, 1464014195.77
  0.00;   0.49;   0.00;   0.00,   0.49, 1464014195.79
  0.00;   0.43;   0.00;   0.00,   0.43, 1464014195.79
  0.00;   0.43;   0.00;   0.00,   0.43, 1464014195.81
  0.00;   0.38;   0.00;   0.00,   0.38, 1464014195.81
  0.00;   0.42;   0.00;   0.00,   0.42, 1464014195.83
  0.00;   0.42;   0.00;   0.00,   0.42, 1464014195.83
  0.00;   0.44;   0.00;   0.00,   0.44, 1464014195.85
  0.00;   0.45;   0.00;   0.00,   0.45, 1464014195.85
  0.00;   0.45;   0.00;   0.00,   0.45, 1464014195.87
  0.00;   0.44;   0.00;   0.00,   0.44, 1464014195.87
  0.00;   0.44;   0.00;   0.00,   0.44, 1464014195.89
  0.00;   0.41;   0.00;   0.00,   0.41, 1464014195.89
  0.00;   0.47;   0.00;   0.00,   0.47, 1464014195.91
  0.00;   0.47;   0.00;   0.00,   0.47, 1464014195.91
  0.00;   0.44;   0.00;   0.00,   0.44, 1464014195.93
  0.00;   0.46;   0.00;   0.00,   0.46, 1464014195.93
  0.00;   0.46;   0.00;   0.00,   0.46, 1464014195.95
  0.00;   0.46;   0.00;   0.00,   0.46, 1464014195.95
  0.00;   0.46;   0.00;   0.00,   0.46, 1464014195.97
  0.00;   0.40;   0.00;   0.00,   0.40, 1464014195.97
  0.00;   0.49;   0.00;   0.00,   0.49, 1464014195.99
  0.00;   0.49;   0.00;   0.00,   0.49, 1464014195.99
  0.00;   0.42;   0.00;   0.00,   0.42, 1464014196.01
  0.00;   0.54;   0.00;   0.00,   0.54, 1464014196.01
  0.00;   0.54;   0.00;   0.00,   0.54, 1464014196.03
  0.00;   0.47;   0.00;   0.00,   0.47, 1464014196.03
  0.00;   0.47;   0.00;   0.00,   0.47, 1464014196.05
  0.00;   0.47;   0.00;   0.00,   0.47, 1464014196.05
  0.00;   0.46;   0.00;   0.00,   0.46, 1464014196.07
  0.00;   0.46;   0.00;   0.00,   0.46, 1464014196.07
  0.00;   0.47;   0.00;   0.00,   0.47, 1464014196.09
  0.00;   0.44;   0.00;   0.00,   0.44, 1464014196.09
  0.00;   0.44;   0.00;   0.00,   0.44, 1464014196.11
  0.00;   0.48;   0.00;   0.00,   0.48, 1464014196.11
  0.00;   0.48;   0.00;   0.00,   0.48, 1464014196.13
  0.00;   0.42;   0.00;   0.00,   0.42, 1464014196.13
  0.00;   0.49;   0.00;   0.00,   0.49, 1464014196.15
  0.00;   0.49;   0.00;   0.00,   0.49, 1464014196.15
  0.00;   0.43;   0.00;   0.00,   0.43, 1464014196.17
  0.00;   0.41;   0.00;   0.00,   0.41, 1464014196.17
  0.00;   0.41;   0.00;   0.00,   0.41, 1464014196.19
  0.00;   0.43;   0.00;   0.00,   0.43, 1464014196.19
  0.00;   0.43;   0.00;   0.00,   0.43, 1464014196.21
  0.00;   0.51;   0.00;   0.00,   0.51, 1464014196.21
  0.00;   0.43;   0.00;   0.00,   0.43, 1464014196.23
  0.00;   0.43;   0.00;   0.00,   0.43, 1464014196.23
  0.00;   0.43;   0.00;   0.00,   0.43, 1464014196.25
  0.00;   0.47;   0.00;   0.00,   0.47, 1464014196.25
  0.00;   0.47;   0.00;   0.00,   0.47, 1464014196.27
  0.00;   0.48;   0.00;   0.00,   0.48, 1464014196.27
  0.00;   0.48;   0.00;   0.00,   0.48, 1464014196.29
  0.00;   0.46;   0.00;   0.00,   0.46, 1464014196.30
  0.00;   0.45;   0.00;   0.00,   0.45, 1464014196.31
  0.00;   0.45;   0.00;   0.00,   0.45, 1464014196.32
  0.00;   0.46;   0.00;   0.00,   0.46, 1464014196.33
  0.00;   0.52;   0.00;   0.00,   0.52, 1464014196.34
  0.00;   0.52;   0.00;   0.00,   0.52, 1464014196.35
  0.00;   0.46;   0.00;   0.00,   0.46, 1464014196.36
  0.00;   0.46;   0.00;   0.00,   0.46, 1464014196.37
  0.00;   0.39;   0.00;   0.00,   0.39, 1464014196.38
  0.00;   0.46;   0.00;   0.00,   0.46, 1464014196.39
  0.00;   0.46;   0.00;   0.00,   0.46, 1464014196.40
  0.00;   0.44;   0.00;   0.00,   0.44, 1464014196.41
  0.00;   0.45;   0.00;   0.00,   0.45, 1464014196.42
  0.00;   0.45;   0.00;   0.00,   0.45, 1464014196.43
  0.00;   0.47;   0.00;   0.00,   0.47, 1464014196.44
  0.00;   0.47;   0.00;   0.00,   0.47, 1464014196.45
  0.00;   0.47;   0.00;   0.00,   0.47, 1464014196.46
  0.00;   0.44;   0.00;   0.00,   0.44, 1464014196.47
  0.00;   0.44;   0.00;   0.00,   0.44, 1464014196.48
  0.00;   0.50;   0.00;   0.00,   0.50, 1464014196.49
  0.00;   0.44;   0.00;   0.00,   0.44, 1464014196.50
  0.00;   0.44;   0.00;   0.00,   0.44, 1464014196.51
  0.00;   0.45;   0.00;   0.00,   0.45, 1464014196.52
  0.00;   0.45;   0.00;   0.00,   0.45, 1464014196.54
  0.00;   0.50;   0.00;   0.00,   0.50, 1464014196.54
  0.00;   0.39;   0.00;   0.00,   0.39, 1464014196.56
  0.00;   0.39;   0.00;   0.00,   0.39, 1464014196.56
  0.00;   0.44;   0.00;   0.00,   0.44, 1464014196.58
  0.00;   0.44;   0.00;   0.00,   0.44, 1464014196.58
  0.00;   0.44;   0.00;   0.00,   0.44, 1464014196.60
  0.00;   0.44;   0.00;   0.00,   0.44, 1464014196.60
  0.00;   0.44;   0.00;   0.00,   0.44, 1464014196.62
  0.00;   0.51;   0.00;   0.00,   0.51, 1464014196.62
  0.00;   0.46;   0.00;   0.00,   0.46, 1464014196.64
  0.00;   0.46;   0.00;   0.00,   0.46, 1464014196.64
  0.00;   0.49;   0.00;   0.00,   0.49, 1464014196.66
  0.00;   0.47;   0.00;   0.00,   0.47, 1464014196.66
  0.00;   0.47;   0.00;   0.00,   0.47, 1464014196.68
  0.00;   0.47;   0.00;   0.00,   0.47, 1464014196.68
  0.00;   0.47;   0.00;   0.00,   0.47, 1464014196.71
  0.00;   0.47;   0.00;   0.00,   0.47, 1464014196.71
  0.00;   0.45;   0.00;   0.00,   0.45, 1464014196.71
  0.00;   0.45;   0.00;   0.00,   0.45, 1464014196.73
  0.00;   0.46;   0.00;   0.00,   0.46, 1464014196.73
  0.00;   0.44;   0.00;   0.00,   0.44, 1464014196.75
  0.00;   0.44;   0.00;   0.00,   0.44, 1464014196.75
  0.00;   0.47;   0.00;   0.00,   0.47, 1464014196.77
  0.00;   0.47;   0.00;   0.00,   0.47, 1464014196.77
  0.00;   0.47;   0.00;   0.00,   0.47, 1464014196.79
  0.00;   0.46;   0.00;   0.00,   0.46, 1464014196.79
  0.00;   0.46;   0.00;   0.00,   0.46, 1464014196.81
  0.00;   0.43;   0.00;   0.00,   0.43, 1464014196.81
  0.00;   0.39;   0.00;   0.00,   0.39, 1464014196.83
  0.00;   0.39;   0.00;   0.00,   0.39, 1464014196.83
  0.00;   0.48;   0.00;   0.00,   0.48, 1464014196.85
  0.00;   0.43;   0.00;   0.00,   0.43, 1464014196.85
  0.00;   0.43;   0.00;   0.00,   0.43, 1464014196.87
  0.00;   0.53;   0.00;   0.00,   0.53, 1464014196.87
  0.00;   0.53;   0.00;   0.00,   0.53, 1464014196.89
  0.00;   0.44;   0.00;   0.00,   0.44, 1464014196.89
  0.00;   0.48;   0.00;   0.00,   0.48, 1464014196.91
  0.00;   0.48;   0.00;   0.00,   0.48, 1464014196.91
  0.00;   0.45;   0.00;   0.00,   0.45, 1464014196.93
  0.00;   0.46;   0.00;   0.00,   0.46, 1464014196.93
  0.00;   0.46;   0.00;   0.00,   0.46, 1464014196.95
  0.00;   0.42;   0.00;   0.00,   0.42, 1464014196.95
  0.00;   0.42;   0.00;   0.00,   0.42, 1464014196.97
  0.00;   0.46;   0.00;   0.00,   0.46, 1464014196.97
  0.00;   0.42;   0.00;   0.00,   0.42, 1464014196.99
  0.00;   0.42;   0.00;   0.00,   0.42, 1464014196.99
  0.00;   0.42;   0.00;   0.00,   0.42, 1464014197.01
  0.00;   0.49;   0.00;   0.00,   0.49, 1464014197.01
  0.00;   0.49;   0.00;   0.00,   0.49, 1464014197.03
  0.00;   0.52;   0.00;   0.00,   0.52, 1464014197.03
  0.00;   0.52;   0.00;   0.00,   0.52, 1464014197.05
  0.00;   0.49;   0.00;   0.00,   0.49, 1464014197.05
