TL,TR, BL, BR, time 
8401.00; 5625.00; 5123.00; 6537.00,   0.02
8399.00; 5626.00; 5120.00; 6540.00,   0.02
8401.00; 5626.00; 5122.00; 6544.00,   0.02
8401.00; 5626.00; 5122.00; 6544.00,   0.02
8403.00; 5628.00; 5126.00; 6539.00,   0.02
8403.00; 5619.00; 5121.00; 6547.00,   0.02
8403.00; 5619.00; 5121.00; 6547.00,   0.02
8401.00; 5628.00; 5121.00; 6545.00,   0.02
8401.00; 5628.00; 5121.00; 6545.00,   0.02
8396.00; 5619.00; 5125.00; 6543.00,   0.02
8402.00; 5624.00; 5121.00; 6545.00,   0.02
8402.00; 5624.00; 5121.00; 6545.00,   0.02
8408.00; 5627.00; 5123.00; 6543.00,   0.02
8405.00; 5624.00; 5124.00; 6542.00,   0.02
8405.00; 5624.00; 5124.00; 6542.00,   0.02
8403.00; 5632.00; 5115.00; 6541.00,   0.02
8403.00; 5632.00; 5115.00; 6541.00,   0.02
8400.00; 5625.00; 5120.00; 6541.00,   0.02
8398.00; 5630.00; 5123.00; 6543.00,   0.02
8398.00; 5630.00; 5123.00; 6543.00,   0.02
8400.00; 5626.00; 5122.00; 6540.00,   0.02
8410.00; 5627.00; 5118.00; 6547.00,   0.02
8410.00; 5627.00; 5118.00; 6547.00,   0.02
8403.00; 5626.00; 5125.00; 6541.00,   0.02
8404.00; 5621.00; 5118.00; 6550.00,   0.02
8404.00; 5621.00; 5118.00; 6550.00,   0.02
8398.00; 5623.00; 5120.00; 6546.00,   0.02
8398.00; 5623.00; 5120.00; 6546.00,   0.02
8398.00; 5623.00; 5125.00; 6545.00,   0.02
8404.00; 5623.00; 5126.00; 6543.00,   0.02
8404.00; 5623.00; 5126.00; 6543.00,   0.02
8399.00; 5623.00; 5120.00; 6536.00,   0.02
8399.00; 5623.00; 5120.00; 6536.00,   0.02
8399.00; 5622.00; 5120.00; 6538.00,   0.02
8402.00; 5619.00; 5118.00; 6544.00,   0.03
8402.00; 5619.00; 5118.00; 6544.00,   0.03
8398.00; 5622.00; 5119.00; 6542.00,   0.03
8402.00; 5624.00; 5121.00; 6547.00,   0.03
8402.00; 5624.00; 5121.00; 6547.00,   0.03
8401.00; 5626.00; 5118.00; 6544.00,   0.03
8401.00; 5626.00; 5118.00; 6544.00,   0.03
8402.00; 5624.00; 5125.00; 6549.00,   0.03
8406.00; 5627.00; 5126.00; 6536.00,   0.03
8406.00; 5627.00; 5126.00; 6536.00,   0.03
8404.00; 5623.00; 5123.00; 6542.00,   0.03
8400.00; 5625.00; 5120.00; 6548.00,   0.03
8400.00; 5625.00; 5120.00; 6548.00,   0.03
8407.00; 5624.00; 5126.00; 6544.00,   0.03
8396.00; 5620.00; 5119.00; 6543.00,   0.03
8396.00; 5620.00; 5119.00; 6543.00,   0.03
8398.00; 5625.00; 5118.00; 6538.00,   0.03
8398.00; 5625.00; 5118.00; 6538.00,   0.03
8395.00; 5626.00; 5125.00; 6545.00,   0.03
8394.00; 5620.00; 5121.00; 6541.00,   0.03
8394.00; 5620.00; 5121.00; 6541.00,   0.03
8401.00; 5624.00; 5116.00; 6547.00,   0.03
8400.00; 5623.00; 5122.00; 6544.00,   0.03
8400.00; 5623.00; 5122.00; 6544.00,   0.03
8403.00; 5628.00; 5124.00; 6539.00,   0.03
8402.00; 5626.00; 5124.00; 6543.00,   0.03
8402.00; 5626.00; 5124.00; 6543.00,   0.03
8399.00; 5629.00; 5127.00; 6545.00,   0.03
8399.00; 5629.00; 5127.00; 6545.00,   0.03
8395.00; 5623.00; 5124.00; 6546.00,   0.03
8402.00; 5627.00; 5123.00; 6544.00,   0.03
8402.00; 5627.00; 5123.00; 6544.00,   0.03
8402.00; 5630.00; 5125.00; 6547.00,   0.03
8404.00; 5626.00; 5120.00; 6541.00,   0.03
8404.00; 5626.00; 5120.00; 6541.00,   0.03
8399.00; 5619.00; 5125.00; 6542.00,   0.03
8399.00; 5619.00; 5125.00; 6542.00,   0.03
8400.00; 5625.00; 5121.00; 6541.00,   0.03
8403.00; 5625.00; 5129.00; 6542.00,   0.03
8403.00; 5625.00; 5129.00; 6542.00,   0.03
8399.00; 5624.00; 5121.00; 6542.00,   0.03
8396.00; 5621.00; 5121.00; 6543.00,   0.03
8396.00; 5621.00; 5121.00; 6543.00,   0.03
8400.00; 5626.00; 5122.00; 6549.00,   0.03
8400.00; 5626.00; 5122.00; 6549.00,   0.03
8399.00; 5625.00; 5121.00; 6543.00,   0.03
8404.00; 5617.00; 5119.00; 6544.00,   0.03
8404.00; 5617.00; 5119.00; 6544.00,   0.03
8400.00; 5624.00; 5125.00; 6538.00,   0.03
8401.00; 5622.00; 5118.00; 6543.00,   0.03
8401.00; 5622.00; 5118.00; 6543.00,   0.03
8404.00; 5623.00; 5117.00; 6535.00,   0.03
8404.00; 5623.00; 5117.00; 6535.00,   0.03
8402.00; 5621.00; 5127.00; 6542.00,   0.03
8401.00; 5624.00; 5126.00; 6544.00,   0.03
8401.00; 5624.00; 5126.00; 6544.00,   0.03
8400.00; 5625.00; 5122.00; 6542.00,   0.03
8401.00; 5626.00; 5122.00; 6540.00,   0.03
8401.00; 5626.00; 5122.00; 6540.00,   0.03
8407.00; 5630.00; 5125.00; 6539.00,   0.03
8407.00; 5630.00; 5125.00; 6539.00,   0.03
8394.00; 5627.00; 5123.00; 6546.00,   0.03
8401.00; 5622.00; 5122.00; 6540.00,   0.03
8401.00; 5622.00; 5122.00; 6540.00,   0.03
8406.00; 5628.00; 5124.00; 6545.00,   0.03
8402.00; 5628.00; 5121.00; 6542.00,   0.03
8402.00; 5628.00; 5121.00; 6542.00,   0.03
8398.00; 5625.00; 5118.00; 6546.00,   0.03
8398.00; 5625.00; 5118.00; 6546.00,   0.03
8403.00; 5623.00; 5116.00; 6541.00,   0.03
8403.00; 5615.00; 5119.00; 6540.00,   0.03
8403.00; 5615.00; 5119.00; 6540.00,   0.03
8402.00; 5614.00; 5124.00; 6541.00,   0.03
8399.00; 5623.00; 5119.00; 6544.00,   0.03
8399.00; 5623.00; 5119.00; 6544.00,   0.03
8400.00; 5623.00; 5114.00; 6542.00,   0.03
8400.00; 5623.00; 5114.00; 6542.00,   0.03
8401.00; 5620.00; 5128.00; 6539.00,   0.03
8401.00; 5624.00; 5125.00; 6546.00,   0.03
8401.00; 5624.00; 5125.00; 6546.00,   0.03
8408.00; 5627.00; 5114.00; 6547.00,   0.03
8403.00; 5629.00; 5123.00; 6543.00,   0.03
8403.00; 5629.00; 5123.00; 6543.00,   0.03
8401.00; 5624.00; 5123.00; 6544.00,   0.04
8401.00; 5624.00; 5123.00; 6544.00,   0.04
8403.00; 5624.00; 5125.00; 6544.00,   0.04
8405.00; 5621.00; 5129.00; 6543.00,   0.04
8405.00; 5621.00; 5129.00; 6543.00,   0.04
8398.00; 5624.00; 5121.00; 6547.00,   0.04
8401.00; 5623.00; 5122.00; 6544.00,   0.04
8401.00; 5623.00; 5122.00; 6544.00,   0.04
8403.00; 5625.00; 5122.00; 6546.00,   0.04
8403.00; 5625.00; 5122.00; 6546.00,   0.04
8396.00; 5627.00; 5118.00; 6542.00,   0.04
8400.00; 5626.00; 5127.00; 6545.00,   0.04
8400.00; 5626.00; 5127.00; 6545.00,   0.04
8400.00; 5620.00; 5123.00; 6540.00,   0.04
8401.00; 5623.00; 5122.00; 6547.00,   0.04
8401.00; 5623.00; 5122.00; 6547.00,   0.04
8402.00; 5626.00; 5121.00; 6541.00,   0.04
8402.00; 5626.00; 5121.00; 6541.00,   0.04
8399.00; 5628.00; 5127.00; 6546.00,   0.04
8405.00; 5625.00; 5121.00; 6540.00,   0.04
8405.00; 5625.00; 5121.00; 6540.00,   0.04
8404.00; 5622.00; 5124.00; 6538.00,   0.04
8405.00; 5626.00; 5120.00; 6540.00,   0.04
8405.00; 5626.00; 5120.00; 6540.00,   0.04
8397.00; 5630.00; 5118.00; 6539.00,   0.04
8397.00; 5630.00; 5118.00; 6539.00,   0.04
8402.00; 5630.00; 5121.00; 6540.00,   0.04
8403.00; 5622.00; 5119.00; 6546.00,   0.04
8403.00; 5622.00; 5119.00; 6546.00,   0.04
8399.00; 5624.00; 5125.00; 6545.00,   0.04
8404.00; 5622.00; 5119.00; 6543.00,   0.04
8404.00; 5622.00; 5119.00; 6543.00,   0.04
8401.00; 5624.00; 5124.00; 6542.00,   0.04
8401.00; 5624.00; 5124.00; 6542.00,   0.04
8404.00; 5626.00; 5127.00; 6541.00,   0.04
8402.00; 5620.00; 5117.00; 6547.00,   0.04
8402.00; 5620.00; 5117.00; 6547.00,   0.04
8408.00; 5623.00; 5122.00; 6542.00,   0.04
8402.00; 5631.00; 5122.00; 6547.00,   0.04
8402.00; 5631.00; 5122.00; 6547.00,   0.04
8406.00; 5628.00; 5116.00; 6544.00,   0.04
8406.00; 5628.00; 5116.00; 6544.00,   0.04
8412.00; 5628.00; 5124.00; 6545.00,   0.04
8402.00; 5628.00; 5120.00; 6542.00,   0.04
8402.00; 5628.00; 5120.00; 6542.00,   0.04
8401.00; 5624.00; 5125.00; 6539.00,   0.04
8395.00; 5621.00; 5117.00; 6540.00,   0.04
8395.00; 5621.00; 5117.00; 6540.00,   0.04
8404.00; 5627.00; 5122.00; 6540.00,   0.04
8404.00; 5627.00; 5122.00; 6540.00,   0.04
8397.00; 5626.00; 5122.00; 6543.00,   0.04
8403.00; 5627.00; 5120.00; 6544.00,   0.04
8403.00; 5627.00; 5120.00; 6544.00,   0.04
8402.00; 5625.00; 5122.00; 6542.00,   0.04
8402.00; 5625.00; 5122.00; 6542.00,   0.04
8400.00; 5627.00; 5124.00; 6541.00,   0.04
8401.00; 5616.00; 5125.00; 6539.00,   0.04
8401.00; 5616.00; 5125.00; 6539.00,   0.04
8407.00; 5622.00; 5130.00; 6546.00,   0.04
8406.00; 5626.00; 5118.00; 6546.00,   0.04
8406.00; 5626.00; 5118.00; 6546.00,   0.04
8402.00; 5624.00; 5123.00; 6545.00,   0.04
8402.00; 5624.00; 5123.00; 6545.00,   0.04
8402.00; 5624.00; 5128.00; 6543.00,   0.04
8406.00; 5621.00; 5120.00; 6542.00,   0.04
8406.00; 5621.00; 5120.00; 6542.00,   0.04
8400.00; 5620.00; 5123.00; 6545.00,   0.04
8402.00; 5630.00; 5126.00; 6543.00,   0.04
8402.00; 5630.00; 5126.00; 6543.00,   0.04
8398.00; 5625.00; 5124.00; 6548.00,   0.04
8398.00; 5625.00; 5124.00; 6548.00,   0.04
8403.00; 5620.00; 5121.00; 6547.00,   0.04
8408.00; 5618.00; 5125.00; 6547.00,   0.05
8408.00; 5618.00; 5125.00; 6547.00,   0.05
8404.00; 5627.00; 5124.00; 6545.00,   0.05
8404.00; 5627.00; 5124.00; 6545.00,   0.05
8403.00; 5624.00; 5127.00; 6545.00,   0.05
8405.00; 5623.00; 5127.00; 6545.00,   0.05
8405.00; 5623.00; 5127.00; 6545.00,   0.05
8405.00; 5623.00; 5121.00; 6548.00,   0.05
8405.00; 5622.00; 5122.00; 6543.00,   0.05
8405.00; 5622.00; 5122.00; 6543.00,   0.05
8404.00; 5627.00; 5118.00; 6543.00,   0.05
8404.00; 5627.00; 5118.00; 6543.00,   0.05
8401.00; 5621.00; 5125.00; 6542.00,   0.05
8401.00; 5624.00; 5120.00; 6546.00,   0.05
8401.00; 5624.00; 5120.00; 6546.00,   0.05
8402.00; 5623.00; 5122.00; 6542.00,   0.05
8402.00; 5623.00; 5120.00; 6542.00,   0.05
8405.00; 5620.00; 5120.00; 6541.00,   0.05
8403.00; 5629.00; 5126.00; 6544.00,   0.05
8403.00; 5629.00; 5126.00; 6544.00,   0.05
8402.00; 5628.00; 5121.00; 6546.00,   0.05
8395.00; 5633.00; 5130.00; 6547.00,   0.05
8395.00; 5633.00; 5130.00; 6547.00,   0.05
8403.00; 5624.00; 5121.00; 6542.00,   0.05
8403.00; 5624.00; 5121.00; 6542.00,   0.05
8399.00; 5627.00; 5122.00; 6542.00,   0.05
8402.00; 5626.00; 5120.00; 6548.00,   0.05
8402.00; 5626.00; 5120.00; 6548.00,   0.05
8402.00; 5632.00; 5125.00; 6544.00,   0.05
8401.00; 5624.00; 5126.00; 6541.00,   0.05
8401.00; 5624.00; 5126.00; 6541.00,   0.05
8400.00; 5624.00; 5126.00; 6543.00,   0.05
8400.00; 5624.00; 5126.00; 6543.00,   0.05
8401.00; 5629.00; 5126.00; 6545.00,   0.05
8401.00; 5624.00; 5121.00; 6551.00,   0.05
8401.00; 5624.00; 5121.00; 6551.00,   0.05
8401.00; 5623.00; 5120.00; 6544.00,   0.05
8401.00; 5623.00; 5120.00; 6544.00,   0.05
8399.00; 5627.00; 5125.00; 6547.00,   0.05
8402.00; 5623.00; 5122.00; 6542.00,   0.05
8402.00; 5623.00; 5122.00; 6542.00,   0.05
8404.00; 5623.00; 5123.00; 6541.00,   0.05
8401.00; 5620.00; 5120.00; 6543.00,   0.05
8401.00; 5620.00; 5120.00; 6543.00,   0.05
8396.00; 5628.00; 5127.00; 6540.00,   0.05
8396.00; 5628.00; 5127.00; 6540.00,   0.05
8405.00; 5622.00; 5122.00; 6545.00,   0.05
8398.00; 5623.00; 5130.00; 6546.00,   0.05
8398.00; 5623.00; 5130.00; 6546.00,   0.05
8401.00; 5625.00; 5125.00; 6545.00,   0.05
8401.00; 5625.00; 5122.00; 6543.00,   0.05
8401.00; 5626.00; 5122.00; 6543.00,   0.05
8402.00; 5619.00; 5124.00; 6545.00,   0.05
8402.00; 5619.00; 5124.00; 6545.00,   0.05
8401.00; 5624.00; 5121.00; 6544.00,   0.05
8400.00; 5628.00; 5126.00; 6542.00,   0.05
8400.00; 5628.00; 5126.00; 6542.00,   0.05
8402.00; 5627.00; 5130.00; 6545.00,   0.05
8402.00; 5627.00; 5130.00; 6545.00,   0.05
8401.00; 5620.00; 5119.00; 6541.00,   0.05
8406.00; 5623.00; 5123.00; 6542.00,   0.05
8406.00; 5623.00; 5123.00; 6542.00,   0.05
8399.00; 5625.00; 5123.00; 6545.00,   0.05
8399.00; 5627.00; 5123.00; 6543.00,   0.05
8399.00; 5627.00; 5123.00; 6543.00,   0.05
8399.00; 5625.00; 5123.00; 6543.00,   0.05
8399.00; 5625.00; 5123.00; 6543.00,   0.05
8401.00; 5628.00; 5128.00; 6543.00,   0.05
8408.00; 5623.00; 5124.00; 6544.00,   0.05
8408.00; 5623.00; 5124.00; 6544.00,   0.05
8400.00; 5628.00; 5119.00; 6543.00,   0.05
8403.00; 5623.00; 5124.00; 6540.00,   0.05
8403.00; 5623.00; 5124.00; 6540.00,   0.05
8402.00; 5622.00; 5121.00; 6543.00,   0.06
8402.00; 5622.00; 5121.00; 6543.00,   0.06
8402.00; 5630.00; 5126.00; 6545.00,   0.06
8398.00; 5626.00; 5129.00; 6544.00,   0.06
8398.00; 5626.00; 5129.00; 6544.00,   0.06
8407.00; 5623.00; 5121.00; 6539.00,   0.06
8401.00; 5625.00; 5124.00; 6547.00,   0.06
8401.00; 5625.00; 5124.00; 6547.00,   0.06
8404.00; 5629.00; 5122.00; 6548.00,   0.06
8400.00; 5630.00; 5123.00; 6540.00,   0.06
8406.00; 5627.00; 5125.00; 6546.00,   0.06
8406.00; 5627.00; 5125.00; 6546.00,   0.06
8404.00; 5622.00; 5127.00; 6542.00,   0.06
8405.00; 5626.00; 5123.00; 6543.00,   0.06
8405.00; 5626.00; 5123.00; 6543.00,   0.06
8412.00; 5628.00; 5119.00; 6544.00,   0.06
8412.00; 5628.00; 5119.00; 6544.00,   0.06
8397.00; 5627.00; 5122.00; 6538.00,   0.06
8405.00; 5625.00; 5125.00; 6545.00,   0.06
8405.00; 5625.00; 5125.00; 6545.00,   0.06
8400.00; 5625.00; 5126.00; 6547.00,   0.06
8400.00; 5625.00; 5126.00; 6547.00,   0.06
8401.00; 5630.00; 5117.00; 6543.00,   0.06
8400.00; 5628.00; 5124.00; 6544.00,   0.06
8400.00; 5628.00; 5124.00; 6544.00,   0.06
8400.00; 5628.00; 5128.00; 6547.00,   0.06
8404.00; 5621.00; 5124.00; 6546.00,   0.06
8404.00; 5621.00; 5124.00; 6546.00,   0.06
8401.00; 5621.00; 5122.00; 6542.00,   0.06
8401.00; 5621.00; 5122.00; 6542.00,   0.06
8402.00; 5627.00; 5124.00; 6538.00,   0.06
8398.00; 5624.00; 5125.00; 6544.00,   0.06
8398.00; 5624.00; 5125.00; 6544.00,   0.06
8404.00; 5629.00; 5122.00; 6543.00,   0.06
8399.00; 5629.00; 5123.00; 6543.00,   0.06
8399.00; 5623.00; 5123.00; 6543.00,   0.06
8401.00; 5623.00; 5121.00; 6544.00,   0.06
8401.00; 5623.00; 5121.00; 6544.00,   0.06
8399.00; 5620.00; 5125.00; 6546.00,   0.06
8398.00; 5623.00; 5122.00; 6542.00,   0.06
8398.00; 5623.00; 5122.00; 6542.00,   0.06
8403.00; 5628.00; 5126.00; 6546.00,   0.06
8403.00; 5628.00; 5126.00; 6546.00,   0.06
8403.00; 5622.00; 5120.00; 6547.00,   0.06
8397.00; 5621.00; 5125.00; 6545.00,   0.06
8397.00; 5621.00; 5125.00; 6545.00,   0.06
8397.00; 5624.00; 5119.00; 6544.00,   0.06
8398.00; 5623.00; 5124.00; 6539.00,   0.06
8398.00; 5623.00; 5124.00; 6539.00,   0.06
8404.00; 5623.00; 5129.00; 6546.00,   0.06
8404.00; 5623.00; 5129.00; 6546.00,   0.06
8401.00; 5629.00; 5125.00; 6546.00,   0.06
8400.00; 5621.00; 5125.00; 6546.00,   0.06
8400.00; 5621.00; 5125.00; 6546.00,   0.06
8407.00; 5627.00; 5123.00; 6540.00,   0.06
8407.00; 5627.00; 5123.00; 6540.00,   0.06
8404.00; 5625.00; 5116.00; 6539.00,   0.06
8399.00; 5627.00; 5122.00; 6541.00,   0.06
8399.00; 5627.00; 5122.00; 6541.00,   0.06
8400.00; 5627.00; 5118.00; 6545.00,   0.06
8402.00; 5623.00; 5128.00; 6544.00,   0.06
8402.00; 5623.00; 5128.00; 6544.00,   0.06
8403.00; 5623.00; 5123.00; 6544.00,   0.06
8403.00; 5623.00; 5123.00; 6544.00,   0.06
8403.00; 5625.00; 5120.00; 6543.00,   0.06
8407.00; 5629.00; 5118.00; 6543.00,   0.06
8407.00; 5629.00; 5118.00; 6543.00,   0.06
8404.00; 5623.00; 5123.00; 6542.00,   0.06
8402.00; 5623.00; 5122.00; 6542.00,   0.06
8402.00; 5626.00; 5122.00; 6539.00,   0.06
8400.00; 5621.00; 5124.00; 6546.00,   0.06
8400.00; 5621.00; 5124.00; 6546.00,   0.06
8401.00; 5624.00; 5117.00; 6543.00,   0.06
8400.00; 5625.00; 5119.00; 6542.00,   0.06
8400.00; 5625.00; 5119.00; 6542.00,   0.06
8408.00; 5625.00; 5121.00; 6541.00,   0.06
8408.00; 5625.00; 5121.00; 6541.00,   0.06
8406.00; 5624.00; 5119.00; 6544.00,   0.06
8403.00; 5623.00; 5126.00; 6547.00,   0.06
8403.00; 5623.00; 5126.00; 6547.00,   0.06
8402.00; 5626.00; 5126.00; 6540.00,   0.06
8405.00; 5625.00; 5125.00; 6544.00,   0.06
8405.00; 5625.00; 5125.00; 6544.00,   0.07
8397.00; 5627.00; 5123.00; 6544.00,   0.07
8397.00; 5627.00; 5123.00; 6544.00,   0.07
8407.00; 5629.00; 5127.00; 6542.00,   0.07
8400.00; 5623.00; 5122.00; 6542.00,   0.07
8400.00; 5623.00; 5122.00; 6542.00,   0.07
8401.00; 5621.00; 5118.00; 6542.00,   0.07
8401.00; 5621.00; 5118.00; 6542.00,   0.07
8394.00; 5618.00; 5123.00; 6542.00,   0.07
8403.00; 5624.00; 5120.00; 6545.00,   0.07
8403.00; 5624.00; 5120.00; 6545.00,   0.07
8403.00; 5625.00; 5121.00; 6543.00,   0.07
8401.00; 5626.00; 5128.00; 6551.00,   0.07
8401.00; 5626.00; 5128.00; 6551.00,   0.07
8406.00; 5616.00; 5120.00; 6542.00,   0.07
8406.00; 5616.00; 5120.00; 6542.00,   0.07
8398.00; 5622.00; 5124.00; 6539.00,   0.07
8406.00; 5623.00; 5124.00; 6546.00,   0.07
8406.00; 5623.00; 5124.00; 6546.00,   0.07
8399.00; 5624.00; 5125.00; 6543.00,   0.07
8400.00; 5621.00; 5121.00; 6546.00,   0.07
8400.00; 5621.00; 5121.00; 6546.00,   0.07
8399.00; 5623.00; 5123.00; 6541.00,   0.07
8397.00; 5627.00; 5123.00; 6542.00,   0.07
8397.00; 5627.00; 5123.00; 6542.00,   0.07
8402.00; 5628.00; 5124.00; 6543.00,   0.07
8402.00; 5628.00; 5124.00; 6543.00,   0.07
8402.00; 5627.00; 5123.00; 6537.00,   0.07
8403.00; 5625.00; 5118.00; 6546.00,   0.07
8403.00; 5625.00; 5118.00; 6546.00,   0.07
8402.00; 5624.00; 5122.00; 6543.00,   0.07
8402.00; 5624.00; 5122.00; 6543.00,   0.07
8397.00; 5620.00; 5124.00; 6546.00,   0.07
8399.00; 5620.00; 5127.00; 6544.00,   0.07
8399.00; 5620.00; 5127.00; 6544.00,   0.07
8404.00; 5627.00; 5120.00; 6551.00,   0.07
8398.00; 5625.00; 5121.00; 6543.00,   0.07
8398.00; 5625.00; 5121.00; 6543.00,   0.07
8403.00; 5624.00; 5121.00; 6547.00,   0.07
8403.00; 5624.00; 5121.00; 6547.00,   0.07
8398.00; 5627.00; 5126.00; 6542.00,   0.07
8404.00; 5622.00; 5124.00; 6542.00,   0.07
8404.00; 5622.00; 5124.00; 6542.00,   0.07
8403.00; 5627.00; 5126.00; 6541.00,   0.07
8403.00; 5627.00; 5126.00; 6541.00,   0.07
8401.00; 5630.00; 5121.00; 6546.00,   0.07
8401.00; 5626.00; 5118.00; 6551.00,   0.07
8401.00; 5626.00; 5118.00; 6551.00,   0.07
8403.00; 5623.00; 5122.00; 6548.00,   0.07
8401.00; 5625.00; 5125.00; 6542.00,   0.07
8401.00; 5625.00; 5125.00; 6542.00,   0.07
8401.00; 5625.00; 5123.00; 6543.00,   0.07
8401.00; 5625.00; 5123.00; 6543.00,   0.07
8404.00; 5629.00; 5124.00; 6543.00,   0.07
8402.00; 5627.00; 5123.00; 6542.00,   0.07
8402.00; 5627.00; 5123.00; 6542.00,   0.07
8394.00; 5621.00; 5125.00; 6543.00,   0.07
8404.00; 5629.00; 5123.00; 6541.00,   0.07
8404.00; 5629.00; 5123.00; 6541.00,   0.07
8404.00; 5628.00; 5119.00; 6543.00,   0.07
8404.00; 5628.00; 5119.00; 6543.00,   0.07
8403.00; 5621.00; 5120.00; 6550.00,   0.07
8401.00; 5624.00; 5121.00; 6547.00,   0.07
8401.00; 5624.00; 5121.00; 6547.00,   0.07
8401.00; 5623.00; 5124.00; 6544.00,   0.07
8407.00; 5625.00; 5124.00; 6544.00,   0.07
8407.00; 5625.00; 5124.00; 6544.00,   0.07
8402.00; 5629.00; 5123.00; 6540.00,   0.07
8402.00; 5629.00; 5123.00; 6540.00,   0.07
8401.00; 5628.00; 5121.00; 6545.00,   0.07
8408.00; 5623.00; 5119.00; 6542.00,   0.07
8408.00; 5623.00; 5119.00; 6542.00,   0.07
8399.00; 5624.00; 5130.00; 6540.00,   0.07
8399.00; 5624.00; 5130.00; 6540.00,   0.07
8396.00; 5618.00; 5120.00; 6541.00,   0.07
8408.00; 5620.00; 5122.00; 6543.00,   0.07
8408.00; 5620.00; 5122.00; 6543.00,   0.07
8398.00; 5629.00; 5124.00; 6540.00,   0.07
8402.00; 5624.00; 5123.00; 6542.00,   0.08
8402.00; 5624.00; 5123.00; 6542.00,   0.08
8404.00; 5622.00; 5122.00; 6545.00,   0.08
8404.00; 5622.00; 5122.00; 6545.00,   0.08
8401.00; 5626.00; 5124.00; 6545.00,   0.08
8402.00; 5625.00; 5123.00; 6550.00,   0.08
8402.00; 5625.00; 5123.00; 6550.00,   0.08
8405.00; 5620.00; 5118.00; 6541.00,   0.08
8404.00; 5624.00; 5125.00; 6546.00,   0.08
8404.00; 5624.00; 5125.00; 6546.00,   0.08
8402.00; 5619.00; 5122.00; 6548.00,   0.08
8402.00; 5619.00; 5122.00; 6548.00,   0.08
8401.00; 5623.00; 5119.00; 6541.00,   0.08
8405.00; 5626.00; 5125.00; 6541.00,   0.08
8405.00; 5626.00; 5125.00; 6541.00,   0.08
8402.00; 5623.00; 5124.00; 6543.00,   0.08
8402.00; 5623.00; 5124.00; 6543.00,   0.08
8402.00; 5628.00; 5125.00; 6545.00,   0.08
8399.00; 5624.00; 5123.00; 6547.00,   0.08
8399.00; 5624.00; 5123.00; 6547.00,   0.08
8397.00; 5622.00; 5123.00; 6542.00,   0.08
8407.00; 5623.00; 5120.00; 6544.00,   0.08
8407.00; 5623.00; 5120.00; 6544.00,   0.08
8403.00; 5626.00; 5121.00; 6542.00,   0.08
8403.00; 5626.00; 5121.00; 6542.00,   0.08
8405.00; 5627.00; 5126.00; 6544.00,   0.08
8395.00; 5622.00; 5128.00; 6545.00,   0.08
8395.00; 5622.00; 5128.00; 6545.00,   0.08
8399.00; 5621.00; 5123.00; 6545.00,   0.08
8399.00; 5621.00; 5123.00; 6545.00,   0.08
8404.00; 5624.00; 5119.00; 6540.00,   0.08
8402.00; 5625.00; 5120.00; 6545.00,   0.08
8402.00; 5625.00; 5120.00; 6545.00,   0.08
8407.00; 5624.00; 5116.00; 6544.00,   0.08
8403.00; 5629.00; 5123.00; 6543.00,   0.08
8403.00; 5629.00; 5123.00; 6543.00,   0.08
8400.00; 5627.00; 5124.00; 6543.00,   0.08
8398.00; 5622.00; 5125.00; 6545.00,   0.08
8398.00; 5622.00; 5125.00; 6545.00,   0.08
8400.00; 5629.00; 5126.00; 6545.00,   0.08
8400.00; 5629.00; 5126.00; 6545.00,   0.08
8406.00; 5626.00; 5122.00; 6545.00,   0.08
8401.00; 5624.00; 5121.00; 6540.00,   0.08
8401.00; 5624.00; 5121.00; 6540.00,   0.08
8399.00; 5624.00; 5127.00; 6543.00,   0.08
8399.00; 5624.00; 5127.00; 6543.00,   0.08
8403.00; 5622.00; 5120.00; 6540.00,   0.08
8402.00; 5623.00; 5118.00; 6548.00,   0.08
8402.00; 5623.00; 5118.00; 6548.00,   0.08
8403.00; 5625.00; 5118.00; 6549.00,   0.08
8402.00; 5627.00; 5125.00; 6542.00,   0.08
8402.00; 5627.00; 5125.00; 6542.00,   0.08
8401.00; 5620.00; 5124.00; 6545.00,   0.08
8401.00; 5620.00; 5124.00; 6545.00,   0.08
8405.00; 5632.00; 5115.00; 6544.00,   0.08
8403.00; 5631.00; 5114.00; 6542.00,   0.08
8403.00; 5631.00; 5114.00; 6542.00,   0.08
8403.00; 5624.00; 5119.00; 6548.00,   0.08
8403.00; 5624.00; 5119.00; 6548.00,   0.08
8399.00; 5629.00; 5126.00; 6549.00,   0.08
8399.00; 5623.00; 5112.00; 6540.00,   0.08
8399.00; 5623.00; 5112.00; 6540.00,   0.08
8398.00; 5622.00; 5118.00; 6543.00,   0.08
8402.00; 5627.00; 5121.00; 6547.00,   0.08
8402.00; 5627.00; 5121.00; 6547.00,   0.08
8400.00; 5624.00; 5120.00; 6542.00,   0.08
8400.00; 5624.00; 5120.00; 6542.00,   0.08
8404.00; 5627.00; 5123.00; 6544.00,   0.08
8404.00; 5631.00; 5121.00; 6548.00,   0.08
8404.00; 5631.00; 5121.00; 6548.00,   0.08
8403.00; 5629.00; 5127.00; 6546.00,   0.08
8406.00; 5628.00; 5119.00; 6542.00,   0.08
8406.00; 5628.00; 5119.00; 6542.00,   0.08
8402.00; 5634.00; 5121.00; 6542.00,   0.08
8402.00; 5634.00; 5121.00; 6542.00,   0.08
8404.00; 5618.00; 5123.00; 6542.00,   0.08
8399.00; 5622.00; 5122.00; 6551.00,   0.08
8399.00; 5622.00; 5122.00; 6551.00,   0.08
8404.00; 5627.00; 5126.00; 6544.00,   0.08
8404.00; 5627.00; 5126.00; 6544.00,   0.08
8403.00; 5622.00; 5120.00; 6548.00,   0.08
8400.00; 5629.00; 5120.00; 6543.00,   0.08
8400.00; 5629.00; 5120.00; 6543.00,   0.08
8400.00; 5626.00; 5125.00; 6542.00,   0.08
8405.00; 5627.00; 5120.00; 6545.00,   0.09
8405.00; 5627.00; 5120.00; 6545.00,   0.09
8412.00; 5623.00; 5116.00; 6549.00,   0.09
8412.00; 5623.00; 5116.00; 6549.00,   0.09
8398.00; 5626.00; 5122.00; 6544.00,   0.09
8411.00; 5624.00; 5121.00; 6542.00,   0.09
8411.00; 5624.00; 5121.00; 6542.00,   0.09
8400.00; 5628.00; 5117.00; 6540.00,   0.09
8400.00; 5628.00; 5123.00; 6540.00,   0.09
8403.00; 5628.00; 5123.00; 6546.00,   0.09
8401.00; 5624.00; 5129.00; 6542.00,   0.09
8401.00; 5624.00; 5129.00; 6542.00,   0.09
8402.00; 5624.00; 5119.00; 6546.00,   0.09
8407.00; 5619.00; 5125.00; 6546.00,   0.09
8407.00; 5619.00; 5125.00; 6546.00,   0.09
8402.00; 5626.00; 5121.00; 6541.00,   0.09
8402.00; 5626.00; 5121.00; 6541.00,   0.09
8399.00; 5624.00; 5127.00; 6547.00,   0.09
8399.00; 5624.00; 5123.00; 6549.00,   0.09
8399.00; 5624.00; 5123.00; 6549.00,   0.09
8397.00; 5618.00; 5120.00; 6546.00,   0.09
8407.00; 5619.00; 5126.00; 6547.00,   0.09
8407.00; 5619.00; 5126.00; 6547.00,   0.09
8399.00; 5627.00; 5126.00; 6547.00,   0.09
8399.00; 5627.00; 5126.00; 6547.00,   0.09
8404.00; 5625.00; 5124.00; 6545.00,   0.09
8405.00; 5626.00; 5128.00; 6544.00,   0.09
8405.00; 5626.00; 5128.00; 6544.00,   0.09
8401.00; 5630.00; 5120.00; 6543.00,   0.09
8401.00; 5630.00; 5120.00; 6543.00,   0.09
8406.00; 5625.00; 5124.00; 6546.00,   0.09
8401.00; 5626.00; 5116.00; 6545.00,   0.09
8401.00; 5626.00; 5116.00; 6545.00,   0.09
8406.00; 5630.00; 5119.00; 6546.00,   0.09
8406.00; 5623.00; 5124.00; 6547.00,   0.09
8406.00; 5623.00; 5124.00; 6547.00,   0.09
8402.00; 5626.00; 5126.00; 6549.00,   0.09
8402.00; 5626.00; 5126.00; 6549.00,   0.09
8399.00; 5624.00; 5125.00; 6545.00,   0.09
8404.00; 5624.00; 5119.00; 6552.00,   0.09
8404.00; 5624.00; 5119.00; 6552.00,   0.09
8407.00; 5625.00; 5124.00; 6544.00,   0.09
8401.00; 5628.00; 5119.00; 6541.00,   0.09
8401.00; 5628.00; 5119.00; 6541.00,   0.09
8407.00; 5625.00; 5125.00; 6549.00,   0.09
8407.00; 5625.00; 5125.00; 6549.00,   0.09
8408.00; 5623.00; 5119.00; 6542.00,   0.09
8404.00; 5629.00; 5121.00; 6544.00,   0.09
8404.00; 5629.00; 5121.00; 6544.00,   0.09
8405.00; 5627.00; 5125.00; 6541.00,   0.09
8405.00; 5627.00; 5125.00; 6541.00,   0.09
8402.00; 5631.00; 5126.00; 6544.00,   0.09
8398.00; 5622.00; 5129.00; 6546.00,   0.09
8398.00; 5622.00; 5129.00; 6546.00,   0.09
8403.00; 5625.00; 5121.00; 6539.00,   0.09
8396.00; 5625.00; 5124.00; 6541.00,   0.09
8396.00; 5625.00; 5124.00; 6541.00,   0.09
8406.00; 5629.00; 5119.00; 6544.00,   0.09
8406.00; 5629.00; 5119.00; 6544.00,   0.09
8406.00; 5621.00; 5124.00; 6546.00,   0.09
8398.00; 5620.00; 5131.00; 6543.00,   0.09
8398.00; 5620.00; 5131.00; 6543.00,   0.09
8400.00; 5627.00; 5124.00; 6544.00,   0.09
8404.00; 5622.00; 5121.00; 6543.00,   0.09
8404.00; 5622.00; 5121.00; 6543.00,   0.09
8400.00; 5623.00; 5124.00; 6546.00,   0.09
8400.00; 5623.00; 5124.00; 6546.00,   0.09
8403.00; 5614.00; 5124.00; 6548.00,   0.09
8404.00; 5630.00; 5125.00; 6551.00,   0.09
8404.00; 5630.00; 5125.00; 6551.00,   0.09
8396.00; 5628.00; 5123.00; 6546.00,   0.09
8396.00; 5628.00; 5123.00; 6546.00,   0.09
8402.00; 5625.00; 5123.00; 6544.00,   0.09
8407.00; 5627.00; 5119.00; 6542.00,   0.09
8407.00; 5627.00; 5119.00; 6542.00,   0.09
8402.00; 5622.00; 5116.00; 6544.00,   0.09
8400.00; 5622.00; 5124.00; 6542.00,   0.09
8400.00; 5622.00; 5124.00; 6542.00,   0.09
8405.00; 5624.00; 5127.00; 6539.00,   0.09
8405.00; 5624.00; 5127.00; 6539.00,   0.09
8401.00; 5623.00; 5120.00; 6546.00,   0.09
8402.00; 5626.00; 5123.00; 6542.00,   0.09
8402.00; 5626.00; 5123.00; 6542.00,   0.10
8401.00; 5621.00; 5121.00; 6539.00,   0.10
8406.00; 5619.00; 5132.00; 6547.00,   0.10
8406.00; 5619.00; 5132.00; 6547.00,   0.10
8405.00; 5622.00; 5124.00; 6545.00,   0.10
8405.00; 5622.00; 5124.00; 6545.00,   0.10
8406.00; 5624.00; 5125.00; 6543.00,   0.10
8404.00; 5629.00; 5122.00; 6547.00,   0.10
8404.00; 5629.00; 5122.00; 6547.00,   0.10
8405.00; 5627.00; 5128.00; 6545.00,   0.10
8405.00; 5627.00; 5128.00; 6545.00,   0.10
8407.00; 5620.00; 5122.00; 6550.00,   0.10
8401.00; 5630.00; 5123.00; 6549.00,   0.10
8401.00; 5630.00; 5123.00; 6549.00,   0.10
8405.00; 5626.00; 5118.00; 6539.00,   0.10
8401.00; 5625.00; 5118.00; 6545.00,   0.10
8401.00; 5625.00; 5118.00; 6545.00,   0.10
8401.00; 5627.00; 5121.00; 6549.00,   0.10
8401.00; 5627.00; 5121.00; 6549.00,   0.10
8399.00; 5625.00; 5121.00; 6552.00,   0.10
8403.00; 5622.00; 5125.00; 6543.00,   0.10
8403.00; 5622.00; 5125.00; 6543.00,   0.10
8401.00; 5630.00; 5122.00; 6543.00,   0.10
8401.00; 5630.00; 5122.00; 6543.00,   0.10
8398.00; 5629.00; 5121.00; 6541.00,   0.10
8406.00; 5625.00; 5126.00; 6544.00,   0.10
8406.00; 5625.00; 5126.00; 6544.00,   0.10
8401.00; 5622.00; 5126.00; 6541.00,   0.10
8396.00; 5625.00; 5119.00; 6545.00,   0.10
8396.00; 5625.00; 5119.00; 6545.00,   0.10
8405.00; 5624.00; 5123.00; 6548.00,   0.10
8405.00; 5624.00; 5123.00; 6548.00,   0.10
8407.00; 5626.00; 5125.00; 6548.00,   0.10
8398.00; 5630.00; 5122.00; 6545.00,   0.10
8398.00; 5630.00; 5122.00; 6545.00,   0.10
8402.00; 5622.00; 5119.00; 6547.00,   0.10
8401.00; 5624.00; 5127.00; 6542.00,   0.10
8401.00; 5624.00; 5127.00; 6542.00,   0.10
8402.00; 5626.00; 5123.00; 6540.00,   0.10
8402.00; 5626.00; 5123.00; 6540.00,   0.10
8403.00; 5628.00; 5119.00; 6544.00,   0.10
8407.00; 5635.00; 5125.00; 6546.00,   0.10
8407.00; 5635.00; 5125.00; 6546.00,   0.10
8405.00; 5623.00; 5124.00; 6549.00,   0.10
8405.00; 5623.00; 5124.00; 6549.00,   0.10
8399.00; 5628.00; 5124.00; 6542.00,   0.10
8401.00; 5627.00; 5126.00; 6539.00,   0.10
8401.00; 5627.00; 5126.00; 6539.00,   0.10
8407.00; 5622.00; 5124.00; 6544.00,   0.10
8401.00; 5625.00; 5115.00; 6540.00,   0.10
8401.00; 5625.00; 5115.00; 6540.00,   0.10
8406.00; 5624.00; 5118.00; 6543.00,   0.10
8406.00; 5624.00; 5118.00; 6543.00,   0.10
8405.00; 5626.00; 5126.00; 6547.00,   0.10
8403.00; 5623.00; 5124.00; 6540.00,   0.10
8403.00; 5623.00; 5124.00; 6540.00,   0.10
8399.00; 5632.00; 5121.00; 6546.00,   0.10
8399.00; 5632.00; 5123.00; 6546.00,   0.10
8407.00; 5623.00; 5123.00; 6543.00,   0.10
8407.00; 5627.00; 5122.00; 6543.00,   0.10
8407.00; 5627.00; 5122.00; 6543.00,   0.10
8405.00; 5618.00; 5120.00; 6549.00,   0.10
8399.00; 5626.00; 5120.00; 6544.00,   0.10
8399.00; 5626.00; 5120.00; 6544.00,   0.10
8408.00; 5630.00; 5124.00; 6545.00,   0.10
8408.00; 5630.00; 5124.00; 6545.00,   0.10
8404.00; 5625.00; 5124.00; 6554.00,   0.10
8408.00; 5629.00; 5120.00; 6542.00,   0.10
8408.00; 5629.00; 5120.00; 6542.00,   0.10
8410.00; 5623.00; 5124.00; 6548.00,   0.10
8403.00; 5623.00; 5121.00; 6547.00,   0.10
8403.00; 5623.00; 5121.00; 6547.00,   0.10
8407.00; 5626.00; 5122.00; 6538.00,   0.10
8407.00; 5626.00; 5122.00; 6538.00,   0.10
8408.00; 5625.00; 5120.00; 6544.00,   0.10
8404.00; 5626.00; 5118.00; 6547.00,   0.10
8404.00; 5626.00; 5118.00; 6547.00,   0.10
8404.00; 5624.00; 5117.00; 6542.00,   0.10
8399.00; 5624.00; 5122.00; 6544.00,   0.10
8399.00; 5624.00; 5122.00; 6544.00,   0.10
8403.00; 5624.00; 5122.00; 6545.00,   0.10
8403.00; 5624.00; 5122.00; 6545.00,   0.11
8401.00; 5625.00; 5124.00; 6545.00,   0.11
8404.00; 5627.00; 5117.00; 6538.00,   0.11
8404.00; 5627.00; 5117.00; 6538.00,   0.11
8403.00; 5626.00; 5122.00; 6545.00,   0.11
8403.00; 5626.00; 5122.00; 6545.00,   0.11
8399.00; 5625.00; 5122.00; 6546.00,   0.11
8407.00; 5623.00; 5123.00; 6545.00,   0.11
8407.00; 5623.00; 5123.00; 6545.00,   0.11
8404.00; 5627.00; 5131.00; 6542.00,   0.11
8403.00; 5626.00; 5123.00; 6546.00,   0.11
8403.00; 5626.00; 5123.00; 6546.00,   0.11
8411.00; 5623.00; 5123.00; 6545.00,   0.11
8411.00; 5623.00; 5123.00; 6545.00,   0.11
8402.00; 5626.00; 5122.00; 6548.00,   0.11
8403.00; 5625.00; 5120.00; 6549.00,   0.11
8403.00; 5625.00; 5120.00; 6549.00,   0.11
8410.00; 5626.00; 5119.00; 6544.00,   0.11
8400.00; 5626.00; 5124.00; 6544.00,   0.11
8400.00; 5626.00; 5124.00; 6544.00,   0.11
8399.00; 5623.00; 5122.00; 6543.00,   0.11
8399.00; 5623.00; 5122.00; 6543.00,   0.11
8406.00; 5626.00; 5127.00; 6547.00,   0.11
8405.00; 5615.00; 5122.00; 6539.00,   0.11
8405.00; 5615.00; 5122.00; 6539.00,   0.11
8405.00; 5626.00; 5120.00; 6542.00,   0.11
8405.00; 5626.00; 5120.00; 6542.00,   0.11
8400.00; 5623.00; 5124.00; 6543.00,   0.11
8400.00; 5628.00; 5121.00; 6546.00,   0.11
8400.00; 5628.00; 5121.00; 6546.00,   0.11
8405.00; 5631.00; 5119.00; 6541.00,   0.11
8402.00; 5622.00; 5123.00; 6542.00,   0.11
8402.00; 5622.00; 5123.00; 6542.00,   0.11
8401.00; 5622.00; 5117.00; 6541.00,   0.11
8401.00; 5622.00; 5117.00; 6541.00,   0.11
8398.00; 5627.00; 5122.00; 6541.00,   0.11
8407.00; 5630.00; 5121.00; 6539.00,   0.11
8407.00; 5630.00; 5121.00; 6539.00,   0.11
8405.00; 5622.00; 5122.00; 6544.00,   0.11
8402.00; 5622.00; 5127.00; 6542.00,   0.11
8402.00; 5622.00; 5127.00; 6542.00,   0.11
8400.00; 5627.00; 5128.00; 6544.00,   0.11
8400.00; 5627.00; 5128.00; 6544.00,   0.11
8403.00; 5626.00; 5117.00; 6545.00,   0.11
8403.00; 5627.00; 5127.00; 6540.00,   0.11
8403.00; 5627.00; 5127.00; 6540.00,   0.11
8407.00; 5630.00; 5121.00; 6549.00,   0.11
8407.00; 5630.00; 5121.00; 6549.00,   0.11
8404.00; 5624.00; 5128.00; 6542.00,   0.11
8409.00; 5621.00; 5128.00; 6542.00,   0.11
8409.00; 5621.00; 5128.00; 6542.00,   0.11
8406.00; 5622.00; 5119.00; 6550.00,   0.11
8398.00; 5617.00; 5128.00; 6547.00,   0.11
8398.00; 5617.00; 5128.00; 6547.00,   0.11
8403.00; 5624.00; 5119.00; 6545.00,   0.11
8403.00; 5624.00; 5119.00; 6545.00,   0.11
8403.00; 5624.00; 5118.00; 6543.00,   0.11
8402.00; 5625.00; 5121.00; 6546.00,   0.11
8402.00; 5625.00; 5121.00; 6546.00,   0.11
8399.00; 5632.00; 5127.00; 6549.00,   0.11
8399.00; 5632.00; 5127.00; 6549.00,   0.11
8404.00; 5622.00; 5119.00; 6546.00,   0.11
8409.00; 5628.00; 5120.00; 6542.00,   0.11
8409.00; 5628.00; 5120.00; 6542.00,   0.11
8405.00; 5623.00; 5120.00; 6547.00,   0.11
8400.00; 5623.00; 5116.00; 6545.00,   0.11
8400.00; 5623.00; 5116.00; 6545.00,   0.11
8401.00; 5628.00; 5129.00; 6541.00,   0.11
8401.00; 5628.00; 5129.00; 6541.00,   0.11
8402.00; 5623.00; 5119.00; 6540.00,   0.11
8405.00; 5627.00; 5125.00; 6542.00,   0.11
8405.00; 5627.00; 5125.00; 6542.00,   0.11
8410.00; 5633.00; 5124.00; 6546.00,   0.11
8397.00; 5622.00; 5128.00; 6549.00,   0.11
8397.00; 5622.00; 5128.00; 6549.00,   0.11
8397.00; 5626.00; 5119.00; 6548.00,   0.11
8397.00; 5626.00; 5119.00; 6548.00,   0.11
8402.00; 5624.00; 5123.00; 6550.00,   0.11
8399.00; 5621.00; 5126.00; 6542.00,   0.11
8399.00; 5621.00; 5126.00; 6542.00,   0.11
8405.00; 5626.00; 5121.00; 6543.00,   0.11
8405.00; 5626.00; 5121.00; 6543.00,   0.12
8409.00; 5622.00; 5118.00; 6542.00,   0.12
8397.00; 5622.00; 5127.00; 6550.00,   0.12
8397.00; 5622.00; 5127.00; 6550.00,   0.12
8402.00; 5626.00; 5125.00; 6547.00,   0.12
8398.00; 5626.00; 5118.00; 6548.00,   0.12
8398.00; 5626.00; 5118.00; 6548.00,   0.12
8404.00; 5622.00; 5120.00; 6546.00,   0.12
8404.00; 5622.00; 5120.00; 6546.00,   0.12
8402.00; 5628.00; 5122.00; 6549.00,   0.12
8402.00; 5631.00; 5123.00; 6549.00,   0.12
8402.00; 5631.00; 5123.00; 6549.00,   0.12
8405.00; 5620.00; 5121.00; 6537.00,   0.12
8404.00; 5628.00; 5128.00; 6543.00,   0.12
8404.00; 5628.00; 5128.00; 6543.00,   0.12
8400.00; 5626.00; 5116.00; 6542.00,   0.12
8400.00; 5626.00; 5116.00; 6542.00,   0.12
8403.00; 5624.00; 5126.00; 6544.00,   0.12
8408.00; 5624.00; 5123.00; 6541.00,   0.12
8408.00; 5624.00; 5123.00; 6541.00,   0.12
8406.00; 5624.00; 5128.00; 6544.00,   0.12
8406.00; 5624.00; 5128.00; 6544.00,   0.12
8403.00; 5624.00; 5124.00; 6543.00,   0.12
8404.00; 5632.00; 5126.00; 6547.00,   0.12
8404.00; 5632.00; 5126.00; 6547.00,   0.12
8402.00; 5623.00; 5118.00; 6544.00,   0.12
8400.00; 5622.00; 5124.00; 6542.00,   0.12
8400.00; 5622.00; 5124.00; 6542.00,   0.12
8404.00; 5628.00; 5129.00; 6545.00,   0.12
8404.00; 5628.00; 5129.00; 6545.00,   0.12
8398.00; 5621.00; 5122.00; 6547.00,   0.12
8398.00; 5621.00; 5122.00; 6547.00,   0.12
8403.00; 5625.00; 5114.00; 6545.00,   0.12
8406.00; 5629.00; 5121.00; 6546.00,   0.12
8406.00; 5629.00; 5121.00; 6546.00,   0.12
8405.00; 5623.00; 5127.00; 6544.00,   0.12
8405.00; 5623.00; 5127.00; 6544.00,   0.12
8408.00; 5622.00; 5119.00; 6542.00,   0.12
8406.00; 5623.00; 5123.00; 6546.00,   0.12
8406.00; 5623.00; 5123.00; 6546.00,   0.12
8405.00; 5623.00; 5128.00; 6550.00,   0.12
8404.00; 5623.00; 5124.00; 6544.00,   0.12
8404.00; 5623.00; 5124.00; 6544.00,   0.12
8404.00; 5632.00; 5120.00; 6550.00,   0.12
8404.00; 5632.00; 5120.00; 6550.00,   0.12
8403.00; 5625.00; 5123.00; 6548.00,   0.12
8405.00; 5625.00; 5121.00; 6548.00,   0.12
8405.00; 5625.00; 5121.00; 6548.00,   0.12
8402.00; 5627.00; 5124.00; 6545.00,   0.12
8397.00; 5628.00; 5125.00; 6548.00,   0.12
8397.00; 5628.00; 5125.00; 6548.00,   0.12
8401.00; 5629.00; 5117.00; 6546.00,   0.12
8401.00; 5629.00; 5117.00; 6546.00,   0.12
8401.00; 5626.00; 5121.00; 6552.00,   0.12
8406.00; 5624.00; 5126.00; 6551.00,   0.12
8406.00; 5624.00; 5126.00; 6551.00,   0.12
8404.00; 5623.00; 5120.00; 6544.00,   0.12
8405.00; 5627.00; 5116.00; 6548.00,   0.12
8405.00; 5627.00; 5116.00; 6548.00,   0.12
8408.00; 5618.00; 5122.00; 6547.00,   0.12
8408.00; 5618.00; 5122.00; 6547.00,   0.12
8406.00; 5627.00; 5120.00; 6548.00,   0.12
8406.00; 5627.00; 5128.00; 6545.00,   0.12
8406.00; 5627.00; 5128.00; 6545.00,   0.12
8404.00; 5629.00; 5121.00; 6545.00,   0.12
8404.00; 5629.00; 5121.00; 6545.00,   0.12
8394.00; 5625.00; 5121.00; 6544.00,   0.12
8403.00; 5627.00; 5121.00; 6541.00,   0.12
8403.00; 5627.00; 5121.00; 6541.00,   0.12
8401.00; 5632.00; 5119.00; 6546.00,   0.12
8401.00; 5623.00; 5121.00; 6547.00,   0.12
8401.00; 5623.00; 5121.00; 6547.00,   0.12
8409.00; 5626.00; 5126.00; 6548.00,   0.12
8409.00; 5626.00; 5126.00; 6548.00,   0.12
8406.00; 5627.00; 5124.00; 6546.00,   0.12
8405.00; 5629.00; 5124.00; 6543.00,   0.12
8405.00; 5629.00; 5124.00; 6543.00,   0.12
8405.00; 5626.00; 5114.00; 6546.00,   0.12
8405.00; 5626.00; 5114.00; 6546.00,   0.12
8403.00; 5622.00; 5121.00; 6543.00,   0.13
8402.00; 5630.00; 5124.00; 6546.00,   0.13
8402.00; 5630.00; 5124.00; 6546.00,   0.13
8403.00; 5627.00; 5122.00; 6541.00,   0.13
8399.00; 5623.00; 5125.00; 6540.00,   0.13
8399.00; 5623.00; 5125.00; 6540.00,   0.13
8404.00; 5623.00; 5122.00; 6543.00,   0.13
8404.00; 5623.00; 5122.00; 6543.00,   0.13
8405.00; 5625.00; 5123.00; 6539.00,   0.13
8401.00; 5621.00; 5119.00; 6542.00,   0.13
8401.00; 5621.00; 5119.00; 6542.00,   0.13
8404.00; 5629.00; 5126.00; 6539.00,   0.13
8403.00; 5624.00; 5128.00; 6536.00,   0.13
8403.00; 5624.00; 5128.00; 6536.00,   0.13
8408.00; 5624.00; 5128.00; 6544.00,   0.13
8408.00; 5624.00; 5128.00; 6544.00,   0.13
8402.00; 5625.00; 5123.00; 6543.00,   0.13
8403.00; 5627.00; 5118.00; 6549.00,   0.13
8403.00; 5627.00; 5118.00; 6549.00,   0.13
8406.00; 5622.00; 5126.00; 6547.00,   0.13
8406.00; 5622.00; 5126.00; 6547.00,   0.13
8408.00; 5622.00; 5121.00; 6540.00,   0.13
8399.00; 5626.00; 5129.00; 6550.00,   0.13
8399.00; 5626.00; 5129.00; 6550.00,   0.13
8402.00; 5626.00; 5120.00; 6541.00,   0.13
8398.00; 5627.00; 5120.00; 6549.00,   0.13
8398.00; 5627.00; 5120.00; 6549.00,   0.13
8409.00; 5631.00; 5120.00; 6540.00,   0.13
8409.00; 5631.00; 5120.00; 6540.00,   0.13
8401.00; 5624.00; 5120.00; 6549.00,   0.13
8402.00; 5626.00; 5122.00; 6546.00,   0.13
8402.00; 5626.00; 5122.00; 6546.00,   0.13
8404.00; 5623.00; 5125.00; 6545.00,   0.13
8408.00; 5624.00; 5125.00; 6543.00,   0.13
8408.00; 5624.00; 5125.00; 6543.00,   0.13
8406.00; 5629.00; 5121.00; 6545.00,   0.13
8406.00; 5629.00; 5121.00; 6545.00,   0.13
8409.00; 5626.00; 5124.00; 6546.00,   0.13
8402.00; 5628.00; 5120.00; 6542.00,   0.13
8402.00; 5628.00; 5120.00; 6542.00,   0.13
8401.00; 5624.00; 5122.00; 6541.00,   0.13
8400.00; 5626.00; 5123.00; 6539.00,   0.13
8400.00; 5626.00; 5123.00; 6539.00,   0.13
8405.00; 5627.00; 5125.00; 6544.00,   0.13
8405.00; 5627.00; 5125.00; 6544.00,   0.13
8406.00; 5622.00; 5121.00; 6541.00,   0.13
8406.00; 5619.00; 5126.00; 6540.00,   0.13
8406.00; 5619.00; 5126.00; 6540.00,   0.13
8404.00; 5622.00; 5126.00; 6544.00,   0.13
8404.00; 5622.00; 5126.00; 6544.00,   0.13
8405.00; 5627.00; 5125.00; 6547.00,   0.13
8398.00; 5623.00; 5123.00; 6547.00,   0.13
8398.00; 5623.00; 5123.00; 6547.00,   0.13
8401.00; 5627.00; 5118.00; 6541.00,   0.13
8396.00; 5626.00; 5120.00; 6548.00,   0.13
8396.00; 5626.00; 5120.00; 6548.00,   0.13
8399.00; 5628.00; 5123.00; 6545.00,   0.13
8399.00; 5628.00; 5123.00; 6545.00,   0.13
8400.00; 5625.00; 5124.00; 6548.00,   0.13
8405.00; 5632.00; 5121.00; 6546.00,   0.13
8405.00; 5632.00; 5121.00; 6546.00,   0.13
8404.00; 5629.00; 5124.00; 6549.00,   0.13
8404.00; 5629.00; 5124.00; 6549.00,   0.13
8401.00; 5620.00; 5123.00; 6550.00,   0.13
8404.00; 5624.00; 5121.00; 6543.00,   0.13
8404.00; 5624.00; 5121.00; 6543.00,   0.13
8396.00; 5627.00; 5121.00; 6543.00,   0.13
8407.00; 5623.00; 5119.00; 6544.00,   0.13
8407.00; 5623.00; 5119.00; 6544.00,   0.13
8406.00; 5625.00; 5125.00; 6542.00,   0.13
8406.00; 5625.00; 5125.00; 6542.00,   0.13
8407.00; 5623.00; 5124.00; 6548.00,   0.13
8402.00; 5626.00; 5125.00; 6541.00,   0.13
8402.00; 5626.00; 5125.00; 6541.00,   0.13
8402.00; 5628.00; 5126.00; 6544.00,   0.13
8401.00; 5624.00; 5126.00; 6548.00,   0.13
8401.00; 5624.00; 5126.00; 6548.00,   0.13
8402.00; 5623.00; 5120.00; 6541.00,   0.13
8402.00; 5623.00; 5120.00; 6541.00,   0.13
8407.00; 5627.00; 5120.00; 6544.00,   0.13
8411.00; 5622.00; 5120.00; 6540.00,   0.13
8411.00; 5622.00; 5120.00; 6540.00,   0.13
8402.00; 5624.00; 5125.00; 6544.00,   0.13
8403.00; 5629.00; 5121.00; 6546.00,   0.13
8403.00; 5629.00; 5121.00; 6546.00,   0.13
8408.00; 5625.00; 5124.00; 6543.00,   0.13
8408.00; 5625.00; 5124.00; 6543.00,   0.14
8403.00; 5622.00; 5117.00; 6544.00,   0.14
8400.00; 5631.00; 5128.00; 6542.00,   0.14
8400.00; 5631.00; 5128.00; 6542.00,   0.14
8401.00; 5625.00; 5124.00; 6544.00,   0.14
8401.00; 5625.00; 5124.00; 6544.00,   0.14
8401.00; 5627.00; 5123.00; 6542.00,   0.14
8403.00; 5617.00; 5123.00; 6546.00,   0.14
8403.00; 5617.00; 5123.00; 6546.00,   0.14
8401.00; 5625.00; 5119.00; 6543.00,   0.14
8399.00; 5629.00; 5129.00; 6544.00,   0.14
8399.00; 5629.00; 5129.00; 6544.00,   0.14
8403.00; 5619.00; 5119.00; 6543.00,   0.14
8403.00; 5619.00; 5119.00; 6543.00,   0.14
8399.00; 5628.00; 5129.00; 6543.00,   0.14
8402.00; 5622.00; 5127.00; 6542.00,   0.14
8402.00; 5622.00; 5127.00; 6542.00,   0.14
8404.00; 5623.00; 5124.00; 6547.00,   0.14
8397.00; 5626.00; 5119.00; 6542.00,   0.14
8397.00; 5626.00; 5119.00; 6542.00,   0.14
8404.00; 5627.00; 5120.00; 6540.00,   0.14
8404.00; 5627.00; 5120.00; 6540.00,   0.14
8402.00; 5625.00; 5124.00; 6552.00,   0.14
8407.00; 5625.00; 5128.00; 6548.00,   0.14
8407.00; 5625.00; 5128.00; 6548.00,   0.14
8398.00; 5625.00; 5123.00; 6544.00,   0.14
8398.00; 5625.00; 5123.00; 6544.00,   0.14
8403.00; 5620.00; 5123.00; 6543.00,   0.14
8405.00; 5624.00; 5126.00; 6540.00,   0.14
8405.00; 5624.00; 5126.00; 6540.00,   0.14
8400.00; 5628.00; 5125.00; 6545.00,   0.14
8396.00; 5623.00; 5123.00; 6548.00,   0.14
8396.00; 5623.00; 5123.00; 6548.00,   0.14
8402.00; 5625.00; 5123.00; 6547.00,   0.14
8402.00; 5625.00; 5123.00; 6547.00,   0.14
8400.00; 5624.00; 5126.00; 6543.00,   0.14
8402.00; 5632.00; 5120.00; 6542.00,   0.14
8402.00; 5632.00; 5120.00; 6542.00,   0.14
8411.00; 5628.00; 5126.00; 6542.00,   0.14
8404.00; 5625.00; 5124.00; 6550.00,   0.14
8404.00; 5625.00; 5124.00; 6550.00,   0.14
8403.00; 5628.00; 5124.00; 6546.00,   0.14
8403.00; 5628.00; 5124.00; 6546.00,   0.14
8397.00; 5624.00; 5120.00; 6545.00,   0.14
8406.00; 5631.00; 5116.00; 6542.00,   0.14
8406.00; 5631.00; 5116.00; 6542.00,   0.14
8406.00; 5629.00; 5113.00; 6543.00,   0.14
8403.00; 5627.00; 5125.00; 6543.00,   0.14
8403.00; 5627.00; 5125.00; 6543.00,   0.14
8405.00; 5623.00; 5117.00; 6543.00,   0.14
8405.00; 5623.00; 5117.00; 6543.00,   0.14
8407.00; 5629.00; 5126.00; 6540.00,   0.14
8404.00; 5626.00; 5121.00; 6544.00,   0.14
8404.00; 5626.00; 5121.00; 6544.00,   0.14
8403.00; 5630.00; 5120.00; 6543.00,   0.14
8403.00; 5630.00; 5120.00; 6543.00,   0.14
8405.00; 5627.00; 5126.00; 6547.00,   0.14
8403.00; 5627.00; 5121.00; 6545.00,   0.14
8403.00; 5627.00; 5121.00; 6545.00,   0.14
8399.00; 5624.00; 5124.00; 6540.00,   0.14
8400.00; 5624.00; 5118.00; 6544.00,   0.14
8400.00; 5624.00; 5118.00; 6544.00,   0.14
8405.00; 5635.00; 5116.00; 6542.00,   0.14
8405.00; 5635.00; 5116.00; 6542.00,   0.14
8402.00; 5631.00; 5120.00; 6548.00,   0.14
8400.00; 5630.00; 5124.00; 6542.00,   0.14
8400.00; 5630.00; 5124.00; 6542.00,   0.14
8400.00; 5630.00; 5127.00; 6543.00,   0.14
8400.00; 5630.00; 5127.00; 6543.00,   0.14
8407.00; 5627.00; 5121.00; 6541.00,   0.14
8402.00; 5629.00; 5120.00; 6543.00,   0.14
8402.00; 5629.00; 5120.00; 6543.00,   0.14
8402.00; 5618.00; 5119.00; 6544.00,   0.14
8396.00; 5625.00; 5120.00; 6547.00,   0.14
8396.00; 5625.00; 5120.00; 6547.00,   0.14
8397.00; 5627.00; 5119.00; 6546.00,   0.14
8397.00; 5627.00; 5119.00; 6546.00,   0.14
8403.00; 5623.00; 5122.00; 6543.00,   0.14
8402.00; 5626.00; 5123.00; 6545.00,   0.14
8402.00; 5626.00; 5123.00; 6545.00,   0.14
8407.00; 5628.00; 5122.00; 6544.00,   0.14
8402.00; 5626.00; 5123.00; 6542.00,   0.14
8402.00; 5626.00; 5123.00; 6542.00,   0.14
8405.00; 5619.00; 5123.00; 6546.00,   0.15
8405.00; 5619.00; 5123.00; 6546.00,   0.15
8402.00; 5626.00; 5123.00; 6544.00,   0.15
8401.00; 5619.00; 5122.00; 6541.00,   0.15
8401.00; 5619.00; 5122.00; 6541.00,   0.15
8399.00; 5625.00; 5124.00; 6545.00,   0.15
8399.00; 5625.00; 5124.00; 6545.00,   0.15
8404.00; 5625.00; 5122.00; 6543.00,   0.15
8400.00; 5625.00; 5125.00; 6545.00,   0.15
8400.00; 5625.00; 5125.00; 6545.00,   0.15
8401.00; 5626.00; 5124.00; 6545.00,   0.15
8400.00; 5632.00; 5120.00; 6541.00,   0.15
8400.00; 5632.00; 5120.00; 6541.00,   0.15
8403.00; 5626.00; 5123.00; 6547.00,   0.15
8403.00; 5626.00; 5123.00; 6547.00,   0.15
8404.00; 5625.00; 5125.00; 6544.00,   0.15
8400.00; 5618.00; 5123.00; 6543.00,   0.15
8400.00; 5618.00; 5123.00; 6543.00,   0.15
8402.00; 5626.00; 5122.00; 6546.00,   0.15
8402.00; 5626.00; 5122.00; 6546.00,   0.15
8398.00; 5627.00; 5128.00; 6543.00,   0.15
8401.00; 5628.00; 5123.00; 6547.00,   0.15
8401.00; 5628.00; 5123.00; 6547.00,   0.15
8408.00; 5622.00; 5119.00; 6548.00,   0.15
8401.00; 5627.00; 5125.00; 6544.00,   0.15
8401.00; 5627.00; 5125.00; 6544.00,   0.15
8398.00; 5623.00; 5123.00; 6545.00,   0.15
8398.00; 5623.00; 5123.00; 6545.00,   0.15
8406.00; 5619.00; 5117.00; 6543.00,   0.15
8400.00; 5624.00; 5117.00; 6542.00,   0.15
8400.00; 5624.00; 5117.00; 6542.00,   0.15
8401.00; 5625.00; 5119.00; 6540.00,   0.15
8401.00; 5620.00; 5123.00; 6550.00,   0.15
8401.00; 5620.00; 5123.00; 6550.00,   0.15
8401.00; 5623.00; 5124.00; 6543.00,   0.15
8401.00; 5623.00; 5124.00; 6543.00,   0.15
8401.00; 5624.00; 5123.00; 6545.00,   0.15
8400.00; 5624.00; 5123.00; 6547.00,   0.15
8400.00; 5624.00; 5123.00; 6547.00,   0.15
8401.00; 5629.00; 5125.00; 6541.00,   0.15
8398.00; 5625.00; 5120.00; 6538.00,   0.15
8398.00; 5625.00; 5120.00; 6538.00,   0.15
8403.00; 5628.00; 5119.00; 6540.00,   0.15
8403.00; 5628.00; 5119.00; 6540.00,   0.15
8405.00; 5622.00; 5123.00; 6546.00,   0.15
8405.00; 5628.00; 5123.00; 6549.00,   0.15
8405.00; 5628.00; 5123.00; 6549.00,   0.15
8402.00; 5621.00; 5122.00; 6548.00,   0.15
8401.00; 5623.00; 5124.00; 6545.00,   0.15
8401.00; 5623.00; 5124.00; 6545.00,   0.15
8404.00; 5624.00; 5124.00; 6550.00,   0.15
8404.00; 5624.00; 5124.00; 6550.00,   0.15
8400.00; 5630.00; 5116.00; 6542.00,   0.15
8405.00; 5622.00; 5122.00; 6543.00,   0.15
8405.00; 5622.00; 5122.00; 6543.00,   0.15
8405.00; 5623.00; 5124.00; 6545.00,   0.15
8402.00; 5626.00; 5118.00; 6543.00,   0.15
8402.00; 5626.00; 5118.00; 6543.00,   0.15
8403.00; 5619.00; 5118.00; 6542.00,   0.15
8398.00; 5619.00; 5121.00; 6537.00,   0.15
8398.00; 5623.00; 5121.00; 6537.00,   0.15
8406.00; 5621.00; 5127.00; 6537.00,   0.15
8406.00; 5621.00; 5127.00; 6537.00,   0.15
8397.00; 5622.00; 5115.00; 6548.00,   0.15
8400.00; 5627.00; 5125.00; 6541.00,   0.15
8400.00; 5627.00; 5125.00; 6541.00,   0.15
8400.00; 5632.00; 5124.00; 6546.00,   0.15
8400.00; 5632.00; 5124.00; 6546.00,   0.15
8401.00; 5626.00; 5123.00; 6544.00,   0.15
8407.00; 5622.00; 5124.00; 6536.00,   0.15
8407.00; 5622.00; 5124.00; 6536.00,   0.15
8408.00; 5629.00; 5122.00; 6541.00,   0.15
8403.00; 5624.00; 5120.00; 6546.00,   0.15
8403.00; 5624.00; 5120.00; 6546.00,   0.15
8401.00; 5625.00; 5121.00; 6551.00,   0.15
8401.00; 5625.00; 5121.00; 6551.00,   0.15
8406.00; 5626.00; 5122.00; 6542.00,   0.15
8397.00; 5623.00; 5125.00; 6542.00,   0.15
8397.00; 5623.00; 5125.00; 6542.00,   0.15
8402.00; 5631.00; 5122.00; 6543.00,   0.15
8402.00; 5631.00; 5122.00; 6543.00,   0.15
8399.00; 5623.00; 5119.00; 6545.00,   0.15
8400.00; 5628.00; 5117.00; 6547.00,   0.15
8400.00; 5628.00; 5117.00; 6547.00,   0.15
8403.00; 5617.00; 5117.00; 6542.00,   0.15
8402.00; 5625.00; 5125.00; 6550.00,   0.15
8402.00; 5625.00; 5125.00; 6550.00,   0.15
8404.00; 5625.00; 5130.00; 6540.00,   0.15
8404.00; 5625.00; 5130.00; 6540.00,   0.16
8398.00; 5631.00; 5121.00; 6544.00,   0.16
8407.00; 5620.00; 5121.00; 6547.00,   0.16
8407.00; 5620.00; 5121.00; 6547.00,   0.16
8403.00; 5624.00; 5123.00; 6542.00,   0.16
8405.00; 5624.00; 5121.00; 6549.00,   0.16
8405.00; 5624.00; 5121.00; 6549.00,   0.16
8399.00; 5625.00; 5121.00; 6546.00,   0.16
8399.00; 5625.00; 5121.00; 6546.00,   0.16
8404.00; 5621.00; 5125.00; 6546.00,   0.16
8401.00; 5626.00; 5118.00; 6544.00,   0.16
8401.00; 5626.00; 5118.00; 6544.00,   0.16
8399.00; 5628.00; 5127.00; 6542.00,   0.16
8399.00; 5628.00; 5127.00; 6542.00,   0.16
8395.00; 5628.00; 5115.00; 6545.00,   0.16
8404.00; 5623.00; 5121.00; 6544.00,   0.16
8404.00; 5623.00; 5121.00; 6544.00,   0.16
8402.00; 5629.00; 5122.00; 6544.00,   0.16
8406.00; 5627.00; 5124.00; 6543.00,   0.16
8406.00; 5627.00; 5124.00; 6543.00,   0.16
8403.00; 5623.00; 5125.00; 6537.00,   0.16
8403.00; 5623.00; 5125.00; 6537.00,   0.16
8402.00; 5627.00; 5119.00; 6540.00,   0.16
8398.00; 5630.00; 5119.00; 6541.00,   0.16
8398.00; 5630.00; 5119.00; 6541.00,   0.16
8399.00; 5626.00; 5121.00; 6545.00,   0.16
8399.00; 5626.00; 5121.00; 6545.00,   0.16
8399.00; 5623.00; 5123.00; 6545.00,   0.16
8399.00; 5624.00; 5121.00; 6546.00,   0.16
8399.00; 5624.00; 5121.00; 6546.00,   0.16
8407.00; 5626.00; 5126.00; 6545.00,   0.16
8397.00; 5627.00; 5119.00; 6543.00,   0.16
8397.00; 5627.00; 5119.00; 6543.00,   0.16
8406.00; 5625.00; 5125.00; 6545.00,   0.16
8406.00; 5625.00; 5125.00; 6545.00,   0.16
8402.00; 5629.00; 5123.00; 6547.00,   0.16
8405.00; 5622.00; 5123.00; 6547.00,   0.16
8405.00; 5622.00; 5123.00; 6547.00,   0.16
8402.00; 5623.00; 5118.00; 6539.00,   0.16
8403.00; 5625.00; 5120.00; 6542.00,   0.16
8403.00; 5625.00; 5120.00; 6542.00,   0.16
8405.00; 5627.00; 5119.00; 6536.00,   0.16
8405.00; 5627.00; 5119.00; 6536.00,   0.16
8398.00; 5632.00; 5117.00; 6550.00,   0.16
8398.00; 5623.00; 5121.00; 6544.00,   0.16
8398.00; 5623.00; 5121.00; 6544.00,   0.16
8404.00; 5629.00; 5127.00; 6543.00,   0.16
8404.00; 5629.00; 5127.00; 6543.00,   0.16
8406.00; 5620.00; 5125.00; 6546.00,   0.16
8403.00; 5630.00; 5125.00; 6547.00,   0.16
8403.00; 5630.00; 5125.00; 6547.00,   0.16
8399.00; 5630.00; 5123.00; 6543.00,   0.16
8406.00; 5622.00; 5126.00; 6545.00,   0.16
8406.00; 5622.00; 5126.00; 6545.00,   0.16
8400.00; 5621.00; 5128.00; 6542.00,   0.16
8400.00; 5621.00; 5128.00; 6542.00,   0.16
8406.00; 5618.00; 5127.00; 6546.00,   0.16
8402.00; 5624.00; 5125.00; 6547.00,   0.16
8402.00; 5624.00; 5125.00; 6547.00,   0.16
8399.00; 5623.00; 5121.00; 6549.00,   0.16
8399.00; 5623.00; 5121.00; 6549.00,   0.16
8396.00; 5626.00; 5123.00; 6546.00,   0.16
8402.00; 5623.00; 5120.00; 6540.00,   0.16
8402.00; 5623.00; 5120.00; 6540.00,   0.16
8403.00; 5621.00; 5118.00; 6539.00,   0.16
8396.00; 5627.00; 5116.00; 6547.00,   0.16
8396.00; 5627.00; 5116.00; 6547.00,   0.16
8398.00; 5627.00; 5116.00; 6544.00,   0.16
8398.00; 5627.00; 5116.00; 6544.00,   0.16
8394.00; 5628.00; 5131.00; 6546.00,   0.16
8404.00; 5620.00; 5119.00; 6546.00,   0.16
8404.00; 5620.00; 5119.00; 6546.00,   0.16
8405.00; 5626.00; 5123.00; 6542.00,   0.16
8402.00; 5630.00; 5120.00; 6545.00,   0.16
8402.00; 5630.00; 5120.00; 6545.00,   0.16
8399.00; 5627.00; 5122.00; 6542.00,   0.16
8399.00; 5627.00; 5122.00; 6542.00,   0.16
8399.00; 5619.00; 5122.00; 6543.00,   0.16
8403.00; 5626.00; 5114.00; 6545.00,   0.16
8403.00; 5626.00; 5114.00; 6545.00,   0.16
8401.00; 5622.00; 5122.00; 6543.00,   0.16
8399.00; 5625.00; 5122.00; 6551.00,   0.16
8399.00; 5625.00; 5122.00; 6551.00,   0.16
8402.00; 5626.00; 5123.00; 6545.00,   0.16
8402.00; 5626.00; 5123.00; 6545.00,   0.17
8406.00; 5621.00; 5119.00; 6539.00,   0.17
8403.00; 5626.00; 5117.00; 6541.00,   0.17
8403.00; 5626.00; 5117.00; 6541.00,   0.17
8408.00; 5625.00; 5121.00; 6543.00,   0.17
8394.00; 5625.00; 5126.00; 6552.00,   0.17
8394.00; 5625.00; 5126.00; 6552.00,   0.17
8404.00; 5626.00; 5126.00; 6548.00,   0.17
8404.00; 5626.00; 5126.00; 6548.00,   0.17
8399.00; 5622.00; 5122.00; 6543.00,   0.17
8410.00; 5629.00; 5121.00; 6546.00,   0.17
8410.00; 5629.00; 5121.00; 6546.00,   0.17
8406.00; 5625.00; 5127.00; 6540.00,   0.17
8406.00; 5625.00; 5127.00; 6540.00,   0.17
8402.00; 5625.00; 5122.00; 6542.00,   0.17
8404.00; 5623.00; 5127.00; 6546.00,   0.17
8404.00; 5623.00; 5127.00; 6546.00,   0.17
8406.00; 5620.00; 5114.00; 6539.00,   0.17
8395.00; 5624.00; 5124.00; 6549.00,   0.17
8395.00; 5624.00; 5124.00; 6549.00,   0.17
8400.00; 5619.00; 5126.00; 6546.00,   0.17
8402.00; 5626.00; 5118.00; 6549.00,   0.17
8402.00; 5626.00; 5118.00; 6549.00,   0.17
8393.00; 5625.00; 5120.00; 6542.00,   0.17
8393.00; 5625.00; 5120.00; 6542.00,   0.17
8399.00; 5627.00; 5118.00; 6543.00,   0.17
8410.00; 5630.00; 5120.00; 6543.00,   0.17
8410.00; 5630.00; 5120.00; 6543.00,   0.17
8400.00; 5629.00; 5120.00; 6545.00,   0.17
8396.00; 5632.00; 5119.00; 6544.00,   0.17
8396.00; 5632.00; 5119.00; 6544.00,   0.17
8403.00; 5620.00; 5129.00; 6545.00,   0.17
8403.00; 5620.00; 5129.00; 6545.00,   0.17
8398.00; 5621.00; 5123.00; 6540.00,   0.17
8406.00; 5622.00; 5126.00; 6542.00,   0.17
8406.00; 5622.00; 5126.00; 6542.00,   0.17
8403.00; 5627.00; 5125.00; 6545.00,   0.17
8403.00; 5627.00; 5125.00; 6545.00,   0.17
8402.00; 5625.00; 5123.00; 6540.00,   0.17
8404.00; 5630.00; 5120.00; 6547.00,   0.17
8404.00; 5630.00; 5120.00; 6547.00,   0.17
8402.00; 5627.00; 5126.00; 6546.00,   0.17
8403.00; 5624.00; 5121.00; 6543.00,   0.17
8403.00; 5624.00; 5121.00; 6543.00,   0.17
8405.00; 5630.00; 5125.00; 6539.00,   0.17
8405.00; 5630.00; 5125.00; 6539.00,   0.17
8396.00; 5622.00; 5120.00; 6541.00,   0.17
8409.00; 5631.00; 5122.00; 6543.00,   0.17
8409.00; 5631.00; 5122.00; 6543.00,   0.17
8402.00; 5625.00; 5122.00; 6547.00,   0.17
8407.00; 5625.00; 5114.00; 6547.00,   0.17
8407.00; 5625.00; 5114.00; 6545.00,   0.17
8406.00; 5628.00; 5118.00; 6541.00,   0.17
8406.00; 5628.00; 5118.00; 6541.00,   0.17
8409.00; 5620.00; 5121.00; 6540.00,   0.17
8399.00; 5619.00; 5121.00; 6545.00,   0.17
8399.00; 5619.00; 5121.00; 6545.00,   0.17
8398.00; 5623.00; 5121.00; 6544.00,   0.17
8398.00; 5623.00; 5121.00; 6544.00,   0.17
8402.00; 5626.00; 5119.00; 6549.00,   0.17
8400.00; 5625.00; 5129.00; 6546.00,   0.17
8400.00; 5625.00; 5129.00; 6546.00,   0.17
8400.00; 5625.00; 5119.00; 6539.00,   0.17
8406.00; 5630.00; 5125.00; 6548.00,   0.17
8406.00; 5630.00; 5125.00; 6548.00,   0.17
8407.00; 5620.00; 5121.00; 6544.00,   0.17
8407.00; 5620.00; 5121.00; 6544.00,   0.17
8406.00; 5620.00; 5128.00; 6546.00,   0.17
8398.00; 5621.00; 5118.00; 6544.00,   0.17
8398.00; 5621.00; 5118.00; 6544.00,   0.17
8403.00; 5618.00; 5120.00; 6544.00,   0.17
8403.00; 5618.00; 5120.00; 6544.00,   0.17
8400.00; 5626.00; 5123.00; 6539.00,   0.17
8403.00; 5623.00; 5122.00; 6545.00,   0.17
8403.00; 5623.00; 5122.00; 6545.00,   0.17
8399.00; 5621.00; 5123.00; 6545.00,   0.17
8405.00; 5627.00; 5121.00; 6547.00,   0.17
8405.00; 5627.00; 5121.00; 6547.00,   0.17
8405.00; 5621.00; 5122.00; 6541.00,   0.17
8405.00; 5621.00; 5122.00; 6541.00,   0.17
8402.00; 5625.00; 5122.00; 6543.00,   0.17
8400.00; 5623.00; 5124.00; 6550.00,   0.17
8400.00; 5623.00; 5124.00; 6550.00,   0.18
8400.00; 5625.00; 5127.00; 6542.00,   0.18
8400.00; 5628.00; 5122.00; 6543.00,   0.18
8400.00; 5628.00; 5122.00; 6543.00,   0.18
8409.00; 5623.00; 5124.00; 6549.00,   0.18
8409.00; 5623.00; 5124.00; 6549.00,   0.18
8408.00; 5623.00; 5121.00; 6545.00,   0.18
8399.00; 5619.00; 5121.00; 6547.00,   0.18
8399.00; 5619.00; 5121.00; 6547.00,   0.18
8409.00; 5627.00; 5125.00; 6542.00,   0.18
8400.00; 5629.00; 5114.00; 6544.00,   0.18
8400.00; 5629.00; 5114.00; 6544.00,   0.18
8401.00; 5633.00; 5122.00; 6540.00,   0.18
8401.00; 5633.00; 5122.00; 6540.00,   0.18
8408.00; 5628.00; 5117.00; 6547.00,   0.18
8403.00; 5624.00; 5118.00; 6549.00,   0.18
8403.00; 5624.00; 5118.00; 6549.00,   0.18
8402.00; 5621.00; 5127.00; 6548.00,   0.18
8402.00; 5621.00; 5127.00; 6548.00,   0.18
8403.00; 5624.00; 5126.00; 6540.00,   0.18
8404.00; 5629.00; 5124.00; 6542.00,   0.18
8404.00; 5629.00; 5124.00; 6542.00,   0.18
8397.00; 5625.00; 5124.00; 6542.00,   0.18
8403.00; 5624.00; 5125.00; 6548.00,   0.18
8403.00; 5624.00; 5125.00; 6548.00,   0.18
8407.00; 5626.00; 5123.00; 6546.00,   0.18
8407.00; 5626.00; 5123.00; 6546.00,   0.18
8396.00; 5625.00; 5124.00; 6538.00,   0.18
8402.00; 5621.00; 5125.00; 6546.00,   0.18
8402.00; 5621.00; 5125.00; 6546.00,   0.18
8408.00; 5620.00; 5116.00; 6544.00,   0.18
8405.00; 5623.00; 5125.00; 6551.00,   0.18
8405.00; 5623.00; 5125.00; 6551.00,   0.18
8408.00; 5623.00; 5129.00; 6540.00,   0.18
8408.00; 5623.00; 5129.00; 6540.00,   0.18
8400.00; 5623.00; 5116.00; 6541.00,   0.18
8406.00; 5632.00; 5126.00; 6540.00,   0.18
8406.00; 5632.00; 5126.00; 6540.00,   0.18
8399.00; 5623.00; 5122.00; 6545.00,   0.18
8399.00; 5623.00; 5122.00; 6545.00,   0.18
8405.00; 5627.00; 5127.00; 6546.00,   0.18
8403.00; 5624.00; 5121.00; 6546.00,   0.18
8403.00; 5624.00; 5121.00; 6546.00,   0.18
8404.00; 5623.00; 5117.00; 6544.00,   0.18
8408.00; 5627.00; 5124.00; 6539.00,   0.18
8408.00; 5627.00; 5124.00; 6539.00,   0.18
8403.00; 5623.00; 5127.00; 6541.00,   0.18
8403.00; 5623.00; 5127.00; 6541.00,   0.18
8397.00; 5624.00; 5121.00; 6548.00,   0.18
8398.00; 5629.00; 5118.00; 6546.00,   0.18
8398.00; 5629.00; 5118.00; 6546.00,   0.18
8399.00; 5627.00; 5123.00; 6546.00,   0.18
8404.00; 5627.00; 5121.00; 6551.00,   0.18
8404.00; 5627.00; 5121.00; 6551.00,   0.18
8405.00; 5624.00; 5127.00; 6549.00,   0.18
8405.00; 5624.00; 5127.00; 6549.00,   0.18
8400.00; 5624.00; 5124.00; 6544.00,   0.18
8403.00; 5619.00; 5126.00; 6544.00,   0.18
8403.00; 5619.00; 5126.00; 6544.00,   0.18
8407.00; 5621.00; 5121.00; 6549.00,   0.18
8407.00; 5621.00; 5121.00; 6549.00,   0.18
8402.00; 5620.00; 5119.00; 6550.00,   0.18
8397.00; 5628.00; 5122.00; 6547.00,   0.18
8397.00; 5628.00; 5122.00; 6547.00,   0.18
8397.00; 5624.00; 5118.00; 6547.00,   0.18
8401.00; 5627.00; 5124.00; 6546.00,   0.18
8401.00; 5627.00; 5124.00; 6546.00,   0.18
8399.00; 5623.00; 5124.00; 6549.00,   0.18
8399.00; 5623.00; 5124.00; 6549.00,   0.18
8401.00; 5625.00; 5120.00; 6540.00,   0.18
8404.00; 5620.00; 5120.00; 6546.00,   0.18
8404.00; 5620.00; 5120.00; 6546.00,   0.18
8407.00; 5626.00; 5127.00; 6547.00,   0.18
8401.00; 5631.00; 5120.00; 6552.00,   0.18
8401.00; 5631.00; 5120.00; 6552.00,   0.18
8404.00; 5627.00; 5126.00; 6546.00,   0.18
8404.00; 5627.00; 5126.00; 6546.00,   0.18
8400.00; 5623.00; 5123.00; 6544.00,   0.18
8399.00; 5623.00; 5122.00; 6547.00,   0.18
8399.00; 5623.00; 5122.00; 6547.00,   0.18
8402.00; 5628.00; 5122.00; 6546.00,   0.18
8402.00; 5628.00; 5122.00; 6546.00,   0.18
8406.00; 5625.00; 5122.00; 6542.00,   0.19
8399.00; 5627.00; 5124.00; 6540.00,   0.19
8399.00; 5627.00; 5124.00; 6540.00,   0.19
8408.00; 5629.00; 5123.00; 6542.00,   0.19
8402.00; 5625.00; 5123.00; 6547.00,   0.19
8402.00; 5625.00; 5123.00; 6547.00,   0.19
8402.00; 5628.00; 5119.00; 6544.00,   0.19
8402.00; 5628.00; 5119.00; 6544.00,   0.19
8402.00; 5623.00; 5119.00; 6542.00,   0.19
8404.00; 5623.00; 5122.00; 6553.00,   0.19
8404.00; 5623.00; 5122.00; 6553.00,   0.19
8405.00; 5627.00; 5121.00; 6547.00,   0.19
8405.00; 5627.00; 5121.00; 6547.00,   0.19
8400.00; 5630.00; 5123.00; 6549.00,   0.19
8409.00; 5624.00; 5121.00; 6542.00,   0.19
8409.00; 5624.00; 5121.00; 6542.00,   0.19
8402.00; 5629.00; 5122.00; 6543.00,   0.19
8400.00; 5624.00; 5123.00; 6543.00,   0.19
8400.00; 5624.00; 5123.00; 6543.00,   0.19
8399.00; 5624.00; 5132.00; 6551.00,   0.19
8399.00; 5624.00; 5132.00; 6551.00,   0.19
8402.00; 5621.00; 5128.00; 6545.00,   0.19
8403.00; 5620.00; 5123.00; 6549.00,   0.19
8403.00; 5620.00; 5123.00; 6549.00,   0.19
8404.00; 5625.00; 5119.00; 6539.00,   0.19
8401.00; 5627.00; 5124.00; 6541.00,   0.19
8401.00; 5627.00; 5124.00; 6541.00,   0.19
8397.00; 5621.00; 5126.00; 6543.00,   0.19
8397.00; 5621.00; 5126.00; 6543.00,   0.19
8406.00; 5624.00; 5121.00; 6540.00,   0.19
8406.00; 5621.00; 5126.00; 6547.00,   0.19
8406.00; 5621.00; 5126.00; 6547.00,   0.19
8409.00; 5628.00; 5119.00; 6545.00,   0.19
8402.00; 5625.00; 5117.00; 6548.00,   0.19
8402.00; 5625.00; 5117.00; 6548.00,   0.19
8407.00; 5625.00; 5126.00; 6550.00,   0.19
8407.00; 5625.00; 5126.00; 6550.00,   0.19
8400.00; 5623.00; 5124.00; 6549.00,   0.19
8408.00; 5626.00; 5124.00; 6548.00,   0.19
8408.00; 5626.00; 5124.00; 6548.00,   0.19
8403.00; 5624.00; 5123.00; 6545.00,   0.19
8403.00; 5624.00; 5126.00; 6545.00,   0.19
8407.00; 5624.00; 5126.00; 6540.00,   0.19
8403.00; 5624.00; 5119.00; 6553.00,   0.19
8403.00; 5624.00; 5119.00; 6553.00,   0.19
8397.00; 5625.00; 5116.00; 6548.00,   0.19
8403.00; 5622.00; 5122.00; 6548.00,   0.19
8403.00; 5622.00; 5122.00; 6548.00,   0.19
8398.00; 5627.00; 5121.00; 6547.00,   0.19
8398.00; 5627.00; 5121.00; 6547.00,   0.19
8404.00; 5626.00; 5123.00; 6541.00,   0.19
8402.00; 5624.00; 5126.00; 6545.00,   0.19
8402.00; 5624.00; 5126.00; 6545.00,   0.19
8406.00; 5628.00; 5127.00; 6546.00,   0.19
8403.00; 5622.00; 5126.00; 6548.00,   0.19
8403.00; 5622.00; 5126.00; 6548.00,   0.19
8402.00; 5626.00; 5116.00; 6546.00,   0.19
8402.00; 5626.00; 5116.00; 6546.00,   0.19
8405.00; 5624.00; 5125.00; 6543.00,   0.19
8411.00; 5624.00; 5124.00; 6550.00,   0.19
8411.00; 5624.00; 5124.00; 6550.00,   0.19
8404.00; 5626.00; 5125.00; 6547.00,   0.19
8404.00; 5626.00; 5125.00; 6547.00,   0.19
8409.00; 5625.00; 5125.00; 6545.00,   0.19
8405.00; 5622.00; 5120.00; 6542.00,   0.19
8405.00; 5622.00; 5120.00; 6542.00,   0.19
8407.00; 5625.00; 5122.00; 6543.00,   0.19
8403.00; 5621.00; 5120.00; 6545.00,   0.19
8403.00; 5621.00; 5120.00; 6545.00,   0.19
8401.00; 5628.00; 5123.00; 6547.00,   0.19
8401.00; 5628.00; 5123.00; 6547.00,   0.19
8398.00; 5622.00; 5119.00; 6545.00,   0.19
8407.00; 5622.00; 5124.00; 6543.00,   0.19
8407.00; 5622.00; 5124.00; 6543.00,   0.19
8398.00; 5629.00; 5124.00; 6542.00,   0.19
8398.00; 5629.00; 5120.00; 6542.00,   0.19
8402.00; 5627.00; 5120.00; 6546.00,   0.19
8399.00; 5623.00; 5119.00; 6544.00,   0.19
8399.00; 5623.00; 5119.00; 6544.00,   0.19
8401.00; 5620.00; 5126.00; 6545.00,   0.20
8409.00; 5626.00; 5119.00; 6546.00,   0.20
8409.00; 5626.00; 5119.00; 6546.00,   0.20
8407.00; 5627.00; 5118.00; 6542.00,   0.20
8397.00; 5627.00; 5120.00; 6542.00,   0.20
8407.00; 5622.00; 5118.00; 6546.00,   0.20
8407.00; 5622.00; 5118.00; 6546.00,   0.20
8406.00; 5626.00; 5123.00; 6547.00,   0.20
8400.00; 5624.00; 5124.00; 6544.00,   0.20
8400.00; 5624.00; 5124.00; 6544.00,   0.20
8400.00; 5627.00; 5120.00; 6549.00,   0.20
8400.00; 5627.00; 5120.00; 6549.00,   0.20
8408.00; 5626.00; 5126.00; 6545.00,   0.20
8405.00; 5632.00; 5119.00; 6543.00,   0.20
8405.00; 5632.00; 5119.00; 6543.00,   0.20
8407.00; 5625.00; 5116.00; 6547.00,   0.20
8407.00; 5629.00; 5125.00; 6545.00,   0.20
8407.00; 5629.00; 5125.00; 6545.00,   0.20
8399.00; 5627.00; 5123.00; 6548.00,   0.20
8399.00; 5627.00; 5123.00; 6548.00,   0.20
8399.00; 5627.00; 5120.00; 6548.00,   0.20
8407.00; 5628.00; 5121.00; 6549.00,   0.20
8407.00; 5628.00; 5121.00; 6549.00,   0.20
8407.00; 5626.00; 5118.00; 6544.00,   0.20
8407.00; 5626.00; 5118.00; 6544.00,   0.20
8400.00; 5621.00; 5119.00; 6541.00,   0.20
8399.00; 5627.00; 5126.00; 6540.00,   0.20
8399.00; 5627.00; 5126.00; 6540.00,   0.20
8405.00; 5622.00; 5116.00; 6546.00,   0.20
8402.00; 5622.00; 5117.00; 6542.00,   0.20
8402.00; 5622.00; 5117.00; 6542.00,   0.20
8402.00; 5622.00; 5120.00; 6543.00,   0.20
8402.00; 5622.00; 5120.00; 6543.00,   0.20
8405.00; 5625.00; 5125.00; 6546.00,   0.20
8412.00; 5620.00; 5121.00; 6544.00,   0.20
8412.00; 5620.00; 5121.00; 6544.00,   0.20
8403.00; 5619.00; 5119.00; 6544.00,   0.20
8410.00; 5626.00; 5122.00; 6542.00,   0.20
8410.00; 5626.00; 5122.00; 6542.00,   0.20
8406.00; 5628.00; 5123.00; 6543.00,   0.20
8406.00; 5628.00; 5123.00; 6543.00,   0.20
8407.00; 5624.00; 5124.00; 6540.00,   0.20
8404.00; 5628.00; 5127.00; 6548.00,   0.20
8404.00; 5628.00; 5127.00; 6548.00,   0.20
8399.00; 5623.00; 5121.00; 6545.00,   0.20
8399.00; 5626.00; 5114.00; 6545.00,   0.20
8399.00; 5626.00; 5114.00; 6545.00,   0.20
8407.00; 5621.00; 5120.00; 6541.00,   0.20
8407.00; 5621.00; 5120.00; 6541.00,   0.20
8405.00; 5622.00; 5124.00; 6541.00,   0.20
8406.00; 5618.00; 5128.00; 6541.00,   0.20
8406.00; 5618.00; 5128.00; 6541.00,   0.20
8403.00; 5624.00; 5121.00; 6548.00,   0.20
8403.00; 5624.00; 5121.00; 6548.00,   0.20
8403.00; 5627.00; 5124.00; 6548.00,   0.20
8403.00; 5628.00; 5122.00; 6537.00,   0.20
8403.00; 5628.00; 5122.00; 6537.00,   0.20
8403.00; 5626.00; 5122.00; 6544.00,   0.20
8407.00; 5624.00; 5119.00; 6543.00,   0.20
8407.00; 5624.00; 5119.00; 6543.00,   0.20
8404.00; 5624.00; 5121.00; 6547.00,   0.20
8404.00; 5624.00; 5121.00; 6547.00,   0.20
8404.00; 5624.00; 5123.00; 6544.00,   0.20
8406.00; 5630.00; 5116.00; 6541.00,   0.20
8406.00; 5630.00; 5116.00; 6541.00,   0.20
8402.00; 5633.00; 5121.00; 6539.00,   0.20
8406.00; 5629.00; 5131.00; 6540.00,   0.20
8406.00; 5629.00; 5131.00; 6540.00,   0.20
8406.00; 5628.00; 5124.00; 6545.00,   0.20
8406.00; 5628.00; 5124.00; 6545.00,   0.20
8401.00; 5626.00; 5119.00; 6545.00,   0.20
8404.00; 5624.00; 5121.00; 6547.00,   0.20
8404.00; 5624.00; 5121.00; 6547.00,   0.20
8404.00; 5628.00; 5113.00; 6545.00,   0.21
8404.00; 5628.00; 5113.00; 6545.00,   0.21
8399.00; 5630.00; 5125.00; 6549.00,   0.21
8402.00; 5630.00; 5125.00; 6548.00,   0.21
8402.00; 5630.00; 5125.00; 6548.00,   0.21
8407.00; 5624.00; 5124.00; 6541.00,   0.21
8397.00; 5622.00; 5124.00; 6540.00,   0.21
8397.00; 5622.00; 5124.00; 6540.00,   0.21
8399.00; 5630.00; 5123.00; 6546.00,   0.21
8399.00; 5630.00; 5123.00; 6546.00,   0.21
8402.00; 5625.00; 5117.00; 6543.00,   0.21
8405.00; 5626.00; 5120.00; 6539.00,   0.21
8405.00; 5626.00; 5120.00; 6539.00,   0.21
8398.00; 5632.00; 5120.00; 6543.00,   0.21
8398.00; 5632.00; 5120.00; 6543.00,   0.21
8400.00; 5620.00; 5121.00; 6552.00,   0.21
8406.00; 5620.00; 5128.00; 6545.00,   0.21
8406.00; 5620.00; 5128.00; 6545.00,   0.21
8410.00; 5627.00; 5124.00; 6544.00,   0.21
