TL,TR, BL, BR, time 
8395.00; 5637.00; 5127.00; 6536.00, 1464014188.46
8391.00; 5633.00; 5125.00; 6531.00, 1464014188.46
8387.00; 5627.00; 5130.00; 6539.00, 1464014188.46
8387.00; 5627.00; 5130.00; 6539.00, 1464014188.46
8386.00; 5632.00; 5124.00; 6530.00, 1464014188.46
8386.00; 5632.00; 5124.00; 6530.00, 1464014188.46
8384.00; 5631.00; 5129.00; 6534.00, 1464014188.46
8390.00; 5635.00; 5131.00; 6531.00, 1464014188.46
8390.00; 5635.00; 5131.00; 6531.00, 1464014188.46
8392.00; 5638.00; 5125.00; 6527.00, 1464014188.46
8392.00; 5627.00; 5133.00; 6533.00, 1464014188.46
8392.00; 5627.00; 5133.00; 6533.00, 1464014188.46
8392.00; 5631.00; 5131.00; 6540.00, 1464014188.46
8392.00; 5631.00; 5131.00; 6540.00, 1464014188.46
8394.00; 5628.00; 5125.00; 6530.00, 1464014188.46
8397.00; 5632.00; 5127.00; 6539.00, 1464014188.46
8397.00; 5632.00; 5127.00; 6539.00, 1464014188.46
8393.00; 5633.00; 5130.00; 6535.00, 1464014188.46
8397.00; 5634.00; 5138.00; 6540.00, 1464014188.46
8397.00; 5634.00; 5138.00; 6540.00, 1464014188.46
8392.00; 5636.00; 5129.00; 6537.00, 1464014188.46
8391.00; 5626.00; 5132.00; 6529.00, 1464014188.46
8391.00; 5626.00; 5132.00; 6529.00, 1464014188.46
8392.00; 5634.00; 5138.00; 6537.00, 1464014188.46
8392.00; 5634.00; 5138.00; 6537.00, 1464014188.46
8395.00; 5631.00; 5127.00; 6533.00, 1464014188.46
8384.00; 5627.00; 5137.00; 6538.00, 1464014188.46
8384.00; 5627.00; 5137.00; 6538.00, 1464014188.46
8389.00; 5629.00; 5125.00; 6529.00, 1464014188.46
8392.00; 5632.00; 5138.00; 6532.00, 1464014188.46
8392.00; 5632.00; 5138.00; 6532.00, 1464014188.46
8393.00; 5626.00; 5130.00; 6535.00, 1464014188.46
8393.00; 5626.00; 5130.00; 6535.00, 1464014188.46
8386.00; 5633.00; 5127.00; 6532.00, 1464014188.46
8391.00; 5627.00; 5133.00; 6533.00, 1464014188.46
8391.00; 5627.00; 5133.00; 6533.00, 1464014188.46
8388.00; 5636.00; 5131.00; 6534.00, 1464014188.46
8389.00; 5635.00; 5131.00; 6534.00, 1464014188.46
8389.00; 5635.00; 5131.00; 6534.00, 1464014188.46
8395.00; 5635.00; 5136.00; 6536.00, 1464014188.46
8395.00; 5635.00; 5136.00; 6536.00, 1464014188.46
8391.00; 5634.00; 5131.00; 6533.00, 1464014188.46
8398.00; 5636.00; 5128.00; 6530.00, 1464014188.46
8398.00; 5636.00; 5128.00; 6530.00, 1464014188.46
8391.00; 5635.00; 5128.00; 6531.00, 1464014188.46
8391.00; 5629.00; 5136.00; 6537.00, 1464014188.46
8391.00; 5629.00; 5136.00; 6537.00, 1464014188.46
8391.00; 5638.00; 5134.00; 6528.00, 1464014188.46
8397.00; 5633.00; 5128.00; 6538.00, 1464014188.46
8397.00; 5633.00; 5128.00; 6538.00, 1464014188.46
8391.00; 5634.00; 5132.00; 6531.00, 1464014188.46
8391.00; 5634.00; 5132.00; 6531.00, 1464014188.46
8388.00; 5632.00; 5136.00; 6530.00, 1464014188.46
8395.00; 5632.00; 5129.00; 6533.00, 1464014188.46
8395.00; 5632.00; 5129.00; 6533.00, 1464014188.46
8394.00; 5635.00; 5127.00; 6532.00, 1464014188.46
8389.00; 5635.00; 5122.00; 6528.00, 1464014188.46
8389.00; 5635.00; 5122.00; 6528.00, 1464014188.46
8393.00; 5629.00; 5137.00; 6531.00, 1464014188.46
8393.00; 5629.00; 5137.00; 6531.00, 1464014188.46
8386.00; 5635.00; 5132.00; 6532.00, 1464014188.46
8388.00; 5634.00; 5127.00; 6534.00, 1464014188.46
8388.00; 5634.00; 5127.00; 6534.00, 1464014188.46
8388.00; 5635.00; 5130.00; 6536.00, 1464014188.46
8395.00; 5630.00; 5130.00; 6535.00, 1464014188.46
8395.00; 5630.00; 5130.00; 6535.00, 1464014188.46
8390.00; 5642.00; 5139.00; 6538.00, 1464014188.46
8390.00; 5642.00; 5139.00; 6538.00, 1464014188.47
8388.00; 5630.00; 5134.00; 6538.00, 1464014188.48
8391.00; 5639.00; 5133.00; 6538.00, 1464014188.49
8391.00; 5639.00; 5133.00; 6538.00, 1464014188.50
8394.00; 5638.00; 5131.00; 6538.00, 1464014188.51
8391.00; 5633.00; 5134.00; 6536.00, 1464014188.52
8391.00; 5633.00; 5134.00; 6536.00, 1464014188.53
8397.00; 5632.00; 5127.00; 6538.00, 1464014188.55
8397.00; 5632.00; 5127.00; 6538.00, 1464014188.55
8400.00; 5627.00; 5128.00; 6531.00, 1464014188.57
8393.00; 5635.00; 5133.00; 6533.00, 1464014188.57
8393.00; 5635.00; 5133.00; 6533.00, 1464014188.59
8390.00; 5635.00; 5131.00; 6533.00, 1464014188.59
8392.00; 5637.00; 5127.00; 6531.00, 1464014188.61
8392.00; 5637.00; 5127.00; 6531.00, 1464014188.61
8393.00; 5635.00; 5130.00; 6529.00, 1464014188.63
8392.00; 5631.00; 5126.00; 6531.00, 1464014188.63
8392.00; 5631.00; 5126.00; 6531.00, 1464014188.65
8399.00; 5627.00; 5134.00; 6539.00, 1464014188.65
8399.00; 5627.00; 5134.00; 6539.00, 1464014188.67
8389.00; 5632.00; 5130.00; 6527.00, 1464014188.67
8392.00; 5635.00; 5132.00; 6537.00, 1464014188.69
8392.00; 5635.00; 5132.00; 6537.00, 1464014188.69
8388.00; 5629.00; 5134.00; 6537.00, 1464014188.71
8397.00; 5630.00; 5137.00; 6531.00, 1464014188.71
8397.00; 5630.00; 5137.00; 6531.00, 1464014188.73
8390.00; 5631.00; 5133.00; 6532.00, 1464014188.73
8390.00; 5631.00; 5133.00; 6532.00, 1464014188.75
8390.00; 5630.00; 5131.00; 6533.00, 1464014188.75
8390.00; 5633.00; 5132.00; 6532.00, 1464014188.77
8390.00; 5633.00; 5132.00; 6532.00, 1464014188.77
8394.00; 5635.00; 5132.00; 6537.00, 1464014188.79
8392.00; 5635.00; 5133.00; 6529.00, 1464014188.79
8392.00; 5635.00; 5133.00; 6529.00, 1464014188.81
8388.00; 5639.00; 5137.00; 6533.00, 1464014188.81
8388.00; 5639.00; 5137.00; 6533.00, 1464014188.83
8393.00; 5631.00; 5130.00; 6532.00, 1464014188.83
8393.00; 5631.00; 5133.00; 6530.00, 1464014188.85
8393.00; 5631.00; 5133.00; 6530.00, 1464014188.85
8390.00; 5628.00; 5129.00; 6538.00, 1464014188.87
8388.00; 5629.00; 5132.00; 6532.00, 1464014188.87
8388.00; 5629.00; 5132.00; 6532.00, 1464014188.89
8390.00; 5634.00; 5127.00; 6527.00, 1464014188.89
8393.00; 5628.00; 5133.00; 6536.00, 1464014188.91
8393.00; 5628.00; 5133.00; 6536.00, 1464014188.92
8385.00; 5631.00; 5134.00; 6536.00, 1464014188.93
8385.00; 5631.00; 5134.00; 6536.00, 1464014188.94
8382.00; 5630.00; 5126.00; 6527.00, 1464014188.95
8391.00; 5634.00; 5132.00; 6535.00, 1464014188.96
8391.00; 5634.00; 5132.00; 6535.00, 1464014188.97
8395.00; 5634.00; 5126.00; 6530.00, 1464014188.98
8391.00; 5634.00; 5140.00; 6534.00, 1464014188.99
8391.00; 5634.00; 5140.00; 6534.00, 1464014189.00
8391.00; 5635.00; 5131.00; 6534.00, 1464014189.03
8391.00; 5635.00; 5131.00; 6534.00, 1464014189.03
8395.00; 5631.00; 5132.00; 6536.00, 1464014189.05
8395.00; 5631.00; 5132.00; 6536.00, 1464014189.05
8393.00; 5637.00; 5134.00; 6532.00, 1464014189.06
8390.00; 5632.00; 5135.00; 6538.00, 1464014189.07
8390.00; 5632.00; 5135.00; 6538.00, 1464014189.09
8388.00; 5634.00; 5126.00; 6533.00, 1464014189.09
8388.00; 5634.00; 5126.00; 6533.00, 1464014189.11
8386.00; 5635.00; 5127.00; 6536.00, 1464014189.11
8385.00; 5632.00; 5136.00; 6534.00, 1464014189.13
8385.00; 5632.00; 5136.00; 6534.00, 1464014189.13
8397.00; 5632.00; 5135.00; 6535.00, 1464014189.15
8392.00; 5634.00; 5128.00; 6533.00, 1464014189.15
8392.00; 5634.00; 5128.00; 6533.00, 1464014189.17
8396.00; 5634.00; 5134.00; 6529.00, 1464014189.17
8396.00; 5634.00; 5134.00; 6529.00, 1464014189.19
8399.00; 5630.00; 5137.00; 6537.00, 1464014189.19
8388.00; 5637.00; 5136.00; 6536.00, 1464014189.21
8388.00; 5637.00; 5136.00; 6536.00, 1464014189.21
8388.00; 5638.00; 5127.00; 6535.00, 1464014189.23
8386.00; 5628.00; 5133.00; 6533.00, 1464014189.23
8386.00; 5628.00; 5133.00; 6533.00, 1464014189.25
8394.00; 5639.00; 5128.00; 6538.00, 1464014189.25
8394.00; 5639.00; 5128.00; 6538.00, 1464014189.27
8391.00; 5634.00; 5133.00; 6534.00, 1464014189.27
8394.00; 5632.00; 5132.00; 6531.00, 1464014189.29
8394.00; 5632.00; 5132.00; 6531.00, 1464014189.29
8392.00; 5638.00; 5132.00; 6536.00, 1464014189.31
8393.00; 5637.00; 5130.00; 6532.00, 1464014189.31
8393.00; 5637.00; 5130.00; 6532.00, 1464014189.33
8392.00; 5628.00; 5130.00; 6536.00, 1464014189.33
8392.00; 5628.00; 5130.00; 6536.00, 1464014189.35
8392.00; 5633.00; 5132.00; 6530.00, 1464014189.35
8393.00; 5635.00; 5126.00; 6534.00, 1464014189.37
8393.00; 5635.00; 5126.00; 6534.00, 1464014189.37
8394.00; 5629.00; 5127.00; 6535.00, 1464014189.39
8394.00; 5633.00; 5133.00; 6530.00, 1464014189.39
8394.00; 5633.00; 5133.00; 6530.00, 1464014189.41
8392.00; 5632.00; 5130.00; 6534.00, 1464014189.41
8392.00; 5632.00; 5130.00; 6534.00, 1464014189.43
8393.00; 5632.00; 5138.00; 6534.00, 1464014189.43
8395.00; 5634.00; 5133.00; 6531.00, 1464014189.45
8395.00; 5634.00; 5133.00; 6531.00, 1464014189.45
8392.00; 5635.00; 5131.00; 6536.00, 1464014189.47
8388.00; 5633.00; 5134.00; 6529.00, 1464014189.47
8388.00; 5633.00; 5134.00; 6529.00, 1464014189.49
8391.00; 5635.00; 5130.00; 6529.00, 1464014189.49
8391.00; 5635.00; 5130.00; 6529.00, 1464014189.51
8392.00; 5634.00; 5130.00; 6542.00, 1464014189.51
8392.00; 5635.00; 5133.00; 6539.00, 1464014189.53
8392.00; 5635.00; 5133.00; 6539.00, 1464014189.53
8393.00; 5636.00; 5128.00; 6534.00, 1464014189.55
8392.00; 5635.00; 5131.00; 6539.00, 1464014189.55
8392.00; 5635.00; 5131.00; 6539.00, 1464014189.57
8395.00; 5636.00; 5127.00; 6534.00, 1464014189.57
8389.00; 5633.00; 5134.00; 6532.00, 1464014189.59
8389.00; 5633.00; 5134.00; 6532.00, 1464014189.59
8389.00; 5635.00; 5133.00; 6531.00, 1464014189.61
8389.00; 5635.00; 5133.00; 6531.00, 1464014189.61
8392.00; 5633.00; 5133.00; 6537.00, 1464014189.63
8394.00; 5637.00; 5135.00; 6540.00, 1464014189.64
8394.00; 5637.00; 5135.00; 6540.00, 1464014189.65
8396.00; 5635.00; 5129.00; 6530.00, 1464014189.66
8403.00; 5630.00; 5131.00; 6535.00, 1464014189.67
8403.00; 5630.00; 5131.00; 6535.00, 1464014189.68
8392.00; 5636.00; 5134.00; 6538.00, 1464014189.69
8392.00; 5636.00; 5134.00; 6538.00, 1464014189.70
8391.00; 5638.00; 5134.00; 6538.00, 1464014189.71
8388.00; 5639.00; 5132.00; 6534.00, 1464014189.72
8388.00; 5639.00; 5132.00; 6534.00, 1464014189.73
8396.00; 5638.00; 5130.00; 6534.00, 1464014189.74
8393.00; 5637.00; 5126.00; 6531.00, 1464014189.75
8393.00; 5637.00; 5126.00; 6531.00, 1464014189.76
8388.00; 5627.00; 5129.00; 6536.00, 1464014189.77
8388.00; 5627.00; 5129.00; 6536.00, 1464014189.78
8387.00; 5635.00; 5126.00; 6534.00, 1464014189.80
8386.00; 5636.00; 5126.00; 6539.00, 1464014189.80
8386.00; 5636.00; 5126.00; 6539.00, 1464014189.82
8394.00; 5634.00; 5131.00; 6537.00, 1464014189.82
8392.00; 5637.00; 5131.00; 6531.00, 1464014189.84
8392.00; 5637.00; 5131.00; 6531.00, 1464014189.84
8396.00; 5636.00; 5133.00; 6533.00, 1464014189.86
8396.00; 5636.00; 5133.00; 6533.00, 1464014189.86
8395.00; 5628.00; 5131.00; 6535.00, 1464014189.88
8388.00; 5633.00; 5127.00; 6536.00, 1464014189.88
8388.00; 5633.00; 5127.00; 6536.00, 1464014189.90
8403.00; 5636.00; 5129.00; 6528.00, 1464014189.90
8388.00; 5631.00; 5128.00; 6536.00, 1464014189.92
8388.00; 5631.00; 5128.00; 6536.00, 1464014189.92
8395.00; 5631.00; 5135.00; 6534.00, 1464014189.94
8395.00; 5631.00; 5135.00; 6534.00, 1464014189.94
8394.00; 5638.00; 5128.00; 6534.00, 1464014189.96
8390.00; 5631.00; 5131.00; 6534.00, 1464014189.96
8390.00; 5631.00; 5131.00; 6534.00, 1464014189.98
8395.00; 5640.00; 5127.00; 6533.00, 1464014189.98
8395.00; 5628.00; 5132.00; 6535.00, 1464014190.00
8395.00; 5628.00; 5132.00; 6535.00, 1464014190.00
8388.00; 5635.00; 5135.00; 6535.00, 1464014190.02
8388.00; 5635.00; 5135.00; 6535.00, 1464014190.02
8391.00; 5637.00; 5127.00; 6533.00, 1464014190.04
8393.00; 5630.00; 5132.00; 6528.00, 1464014190.04
8393.00; 5630.00; 5132.00; 6528.00, 1464014190.06
8394.00; 5639.00; 5129.00; 6530.00, 1464014190.06
8402.00; 5632.00; 5127.00; 6546.00, 1464014190.08
8402.00; 5632.00; 5127.00; 6546.00, 1464014190.08
8394.00; 5640.00; 5136.00; 6535.00, 1464014190.10
8394.00; 5640.00; 5136.00; 6535.00, 1464014190.10
8392.00; 5633.00; 5133.00; 6533.00, 1464014190.12
8396.00; 5637.00; 5128.00; 6536.00, 1464014190.12
8396.00; 5637.00; 5128.00; 6536.00, 1464014190.14
8397.00; 5635.00; 5138.00; 6537.00, 1464014190.14
8398.00; 5632.00; 5136.00; 6534.00, 1464014190.16
8398.00; 5632.00; 5136.00; 6534.00, 1464014190.16
8388.00; 5629.00; 5127.00; 6534.00, 1464014190.18
8388.00; 5629.00; 5127.00; 6534.00, 1464014190.18
8396.00; 5639.00; 5133.00; 6537.00, 1464014190.20
8392.00; 5633.00; 5131.00; 6533.00, 1464014190.20
8392.00; 5633.00; 5131.00; 6533.00, 1464014190.22
8394.00; 5629.00; 5134.00; 6531.00, 1464014190.22
8396.00; 5631.00; 5132.00; 6532.00, 1464014190.24
8396.00; 5631.00; 5132.00; 6532.00, 1464014190.24
8388.00; 5636.00; 5138.00; 6538.00, 1464014190.26
8388.00; 5636.00; 5138.00; 6538.00, 1464014190.26
8395.00; 5633.00; 5128.00; 6532.00, 1464014190.28
8397.00; 5628.00; 5131.00; 6535.00, 1464014190.28
8397.00; 5628.00; 5131.00; 6535.00, 1464014190.31
8393.00; 5633.00; 5133.00; 6532.00, 1464014190.31
8392.00; 5635.00; 5133.00; 6533.00, 1464014190.31
8392.00; 5635.00; 5133.00; 6533.00, 1464014190.33
8398.00; 5632.00; 5138.00; 6535.00, 1464014190.33
8398.00; 5632.00; 5138.00; 6535.00, 1464014190.35
8394.00; 5629.00; 5132.00; 6527.00, 1464014190.35
8393.00; 5632.00; 5126.00; 6536.00, 1464014190.37
8393.00; 5632.00; 5126.00; 6536.00, 1464014190.37
8391.00; 5633.00; 5130.00; 6535.00, 1464014190.39
8396.00; 5631.00; 5136.00; 6532.00, 1464014190.40
8396.00; 5631.00; 5136.00; 6532.00, 1464014190.41
8396.00; 5636.00; 5125.00; 6536.00, 1464014190.42
8396.00; 5636.00; 5125.00; 6536.00, 1464014190.43
8394.00; 5637.00; 5135.00; 6533.00, 1464014190.44
8393.00; 5638.00; 5137.00; 6536.00, 1464014190.45
8393.00; 5638.00; 5137.00; 6536.00, 1464014190.46
8392.00; 5636.00; 5129.00; 6536.00, 1464014190.47
8396.00; 5636.00; 5132.00; 6536.00, 1464014190.48
8396.00; 5636.00; 5132.00; 6536.00, 1464014190.49
8396.00; 5630.00; 5131.00; 6530.00, 1464014190.50
8396.00; 5630.00; 5131.00; 6530.00, 1464014190.51
8397.00; 5638.00; 5136.00; 6535.00, 1464014190.52
8386.00; 5640.00; 5133.00; 6531.00, 1464014190.53
8386.00; 5640.00; 5133.00; 6531.00, 1464014190.54
8391.00; 5631.00; 5131.00; 6534.00, 1464014190.55
8389.00; 5631.00; 5134.00; 6533.00, 1464014190.56
8389.00; 5631.00; 5134.00; 6533.00, 1464014190.57
8392.00; 5636.00; 5131.00; 6534.00, 1464014190.58
8392.00; 5636.00; 5131.00; 6534.00, 1464014190.59
8390.00; 5634.00; 5129.00; 6533.00, 1464014190.60
8393.00; 5630.00; 5135.00; 6532.00, 1464014190.61
8393.00; 5630.00; 5135.00; 6532.00, 1464014190.62
8389.00; 5631.00; 5128.00; 6532.00, 1464014190.63
8390.00; 5630.00; 5129.00; 6536.00, 1464014190.64
8390.00; 5630.00; 5129.00; 6536.00, 1464014190.65
8391.00; 5637.00; 5128.00; 6530.00, 1464014190.66
8391.00; 5637.00; 5128.00; 6530.00, 1464014190.67
8397.00; 5640.00; 5134.00; 6539.00, 1464014190.68
8393.00; 5636.00; 5131.00; 6537.00, 1464014190.69
8393.00; 5636.00; 5131.00; 6537.00, 1464014190.70
8396.00; 5634.00; 5134.00; 6532.00, 1464014190.72
8398.00; 5633.00; 5124.00; 6537.00, 1464014190.72
8398.00; 5633.00; 5124.00; 6537.00, 1464014190.74
8398.00; 5641.00; 5132.00; 6536.00, 1464014190.74
8398.00; 5641.00; 5132.00; 6536.00, 1464014190.76
8390.00; 5637.00; 5125.00; 6532.00, 1464014190.76
8390.00; 5634.00; 5129.00; 6535.00, 1464014190.78
8390.00; 5634.00; 5129.00; 6535.00, 1464014190.78
8395.00; 5632.00; 5131.00; 6534.00, 1464014190.80
8392.00; 5634.00; 5126.00; 6531.00, 1464014190.80
8392.00; 5634.00; 5126.00; 6531.00, 1464014190.82
8396.00; 5633.00; 5133.00; 6532.00, 1464014190.82
8396.00; 5633.00; 5133.00; 6532.00, 1464014190.84
8389.00; 5632.00; 5133.00; 6537.00, 1464014190.84
8388.00; 5634.00; 5129.00; 6535.00, 1464014190.86
8388.00; 5634.00; 5129.00; 6535.00, 1464014190.86
8391.00; 5631.00; 5128.00; 6529.00, 1464014190.88
8397.00; 5638.00; 5133.00; 6532.00, 1464014190.88
8397.00; 5638.00; 5133.00; 6532.00, 1464014190.90
8392.00; 5637.00; 5129.00; 6531.00, 1464014190.90
8392.00; 5637.00; 5129.00; 6531.00, 1464014190.92
8388.00; 5639.00; 5133.00; 6533.00, 1464014190.92
8392.00; 5636.00; 5130.00; 6535.00, 1464014190.94
8392.00; 5636.00; 5130.00; 6535.00, 1464014190.94
8390.00; 5634.00; 5125.00; 6535.00, 1464014190.96
8394.00; 5632.00; 5133.00; 6535.00, 1464014190.96
8394.00; 5632.00; 5133.00; 6535.00, 1464014190.98
8390.00; 5639.00; 5135.00; 6534.00, 1464014190.98
8390.00; 5639.00; 5135.00; 6534.00, 1464014191.00
8394.00; 5636.00; 5134.00; 6534.00, 1464014191.00
8388.00; 5630.00; 5129.00; 6537.00, 1464014191.02
8388.00; 5630.00; 5129.00; 6537.00, 1464014191.02
8394.00; 5629.00; 5130.00; 6532.00, 1464014191.04
8388.00; 5640.00; 5129.00; 6534.00, 1464014191.04
8388.00; 5640.00; 5129.00; 6534.00, 1464014191.06
8392.00; 5633.00; 5127.00; 6534.00, 1464014191.06
8392.00; 5633.00; 5127.00; 6534.00, 1464014191.08
8395.00; 5633.00; 5136.00; 6537.00, 1464014191.08
8393.00; 5636.00; 5133.00; 6535.00, 1464014191.10
8393.00; 5636.00; 5133.00; 6535.00, 1464014191.10
8388.00; 5629.00; 5130.00; 6532.00, 1464014191.12
8398.00; 5636.00; 5135.00; 6534.00, 1464014191.12
8398.00; 5636.00; 5135.00; 6534.00, 1464014191.14
8391.00; 5630.00; 5128.00; 6535.00, 1464014191.14
8391.00; 5630.00; 5128.00; 6535.00, 1464014191.16
8392.00; 5639.00; 5138.00; 6535.00, 1464014191.16
8386.00; 5631.00; 5136.00; 6538.00, 1464014191.18
8386.00; 5631.00; 5136.00; 6538.00, 1464014191.18
8394.00; 5634.00; 5130.00; 6530.00, 1464014191.19
8397.00; 5632.00; 5129.00; 6536.00, 1464014191.21
8397.00; 5632.00; 5129.00; 6536.00, 1464014191.21
8399.00; 5635.00; 5132.00; 6531.00, 1464014191.23
8399.00; 5635.00; 5132.00; 6531.00, 1464014191.23
8393.00; 5633.00; 5135.00; 6532.00, 1464014191.25
8400.00; 5633.00; 5126.00; 6533.00, 1464014191.25
8400.00; 5633.00; 5126.00; 6533.00, 1464014191.27
8392.00; 5637.00; 5128.00; 6532.00, 1464014191.27
8389.00; 5631.00; 5131.00; 6534.00, 1464014191.29
8389.00; 5631.00; 5131.00; 6534.00, 1464014191.30
8392.00; 5631.00; 5126.00; 6536.00, 1464014191.31
8392.00; 5631.00; 5126.00; 6536.00, 1464014191.32
8389.00; 5631.00; 5131.00; 6533.00, 1464014191.33
8393.00; 5632.00; 5125.00; 6530.00, 1464014191.34
8393.00; 5632.00; 5125.00; 6530.00, 1464014191.35
8397.00; 5634.00; 5129.00; 6532.00, 1464014191.36
8393.00; 5631.00; 5136.00; 6539.00, 1464014191.37
8393.00; 5631.00; 5136.00; 6539.00, 1464014191.38
8390.00; 5633.00; 5133.00; 6539.00, 1464014191.39
8390.00; 5633.00; 5133.00; 6539.00, 1464014191.40
8396.00; 5633.00; 5129.00; 6532.00, 1464014191.42
8393.00; 5628.00; 5125.00; 6537.00, 1464014191.42
8393.00; 5628.00; 5125.00; 6537.00, 1464014191.43
8386.00; 5635.00; 5132.00; 6532.00, 1464014191.44
8391.00; 5633.00; 5135.00; 6533.00, 1464014191.45
8391.00; 5633.00; 5135.00; 6533.00, 1464014191.46
8393.00; 5632.00; 5136.00; 6537.00, 1464014191.47
8393.00; 5632.00; 5136.00; 6537.00, 1464014191.49
8391.00; 5638.00; 5133.00; 6536.00, 1464014191.49
8393.00; 5640.00; 5131.00; 6530.00, 1464014191.51
8393.00; 5640.00; 5131.00; 6530.00, 1464014191.51
8394.00; 5634.00; 5135.00; 6527.00, 1464014191.53
8393.00; 5636.00; 5127.00; 6532.00, 1464014191.53
8393.00; 5636.00; 5127.00; 6532.00, 1464014191.55
8391.00; 5628.00; 5131.00; 6527.00, 1464014191.55
8391.00; 5628.00; 5131.00; 6527.00, 1464014191.57
8389.00; 5632.00; 5132.00; 6535.00, 1464014191.57
8392.00; 5638.00; 5132.00; 6539.00, 1464014191.59
8392.00; 5638.00; 5132.00; 6539.00, 1464014191.59
8392.00; 5638.00; 5134.00; 6537.00, 1464014191.61
8393.00; 5634.00; 5136.00; 6531.00, 1464014191.61
8393.00; 5634.00; 5136.00; 6531.00, 1464014191.63
8394.00; 5629.00; 5133.00; 6530.00, 1464014191.64
8394.00; 5629.00; 5133.00; 6530.00, 1464014191.64
8388.00; 5629.00; 5132.00; 6533.00, 1464014191.65
8389.00; 5632.00; 5129.00; 6531.00, 1464014191.66
8389.00; 5632.00; 5129.00; 6531.00, 1464014191.67
8391.00; 5631.00; 5131.00; 6536.00, 1464014191.69
8396.00; 5634.00; 5129.00; 6530.00, 1464014191.69
8396.00; 5634.00; 5129.00; 6530.00, 1464014191.71
8387.00; 5633.00; 5131.00; 6528.00, 1464014191.71
8396.00; 5634.00; 5137.00; 6533.00, 1464014191.73
8396.00; 5634.00; 5137.00; 6533.00, 1464014191.73
8392.00; 5635.00; 5135.00; 6537.00, 1464014191.75
8392.00; 5635.00; 5135.00; 6537.00, 1464014191.75
8390.00; 5626.00; 5131.00; 6532.00, 1464014191.77
8387.00; 5636.00; 5137.00; 6533.00, 1464014191.77
8387.00; 5636.00; 5137.00; 6533.00, 1464014191.79
8397.00; 5636.00; 5130.00; 6539.00, 1464014191.79
8395.00; 5633.00; 5131.00; 6534.00, 1464014191.81
8395.00; 5633.00; 5131.00; 6534.00, 1464014191.81
8391.00; 5632.00; 5133.00; 6538.00, 1464014191.83
8391.00; 5632.00; 5133.00; 6538.00, 1464014191.83
8392.00; 5633.00; 5131.00; 6535.00, 1464014191.85
8390.00; 5637.00; 5126.00; 6531.00, 1464014191.85
8390.00; 5637.00; 5126.00; 6531.00, 1464014191.87
8388.00; 5634.00; 5133.00; 6532.00, 1464014191.87
8388.00; 5634.00; 5133.00; 6532.00, 1464014191.89
8390.00; 5634.00; 5132.00; 6536.00, 1464014191.89
8391.00; 5627.00; 5135.00; 6532.00, 1464014191.91
8391.00; 5627.00; 5135.00; 6532.00, 1464014191.91
8395.00; 5634.00; 5129.00; 6530.00, 1464014191.93
8390.00; 5638.00; 5126.00; 6530.00, 1464014191.93
8390.00; 5638.00; 5126.00; 6530.00, 1464014191.95
8387.00; 5635.00; 5125.00; 6534.00, 1464014191.95
8387.00; 5635.00; 5125.00; 6534.00, 1464014191.97
8395.00; 5635.00; 5127.00; 6537.00, 1464014191.97
8393.00; 5631.00; 5133.00; 6538.00, 1464014191.99
8393.00; 5631.00; 5133.00; 6538.00, 1464014191.99
8392.00; 5636.00; 5136.00; 6534.00, 1464014192.01
8392.00; 5635.00; 5138.00; 6537.00, 1464014192.01
8392.00; 5635.00; 5138.00; 6537.00, 1464014192.03
8390.00; 5638.00; 5129.00; 6532.00, 1464014192.03
8390.00; 5638.00; 5129.00; 6532.00, 1464014192.05
8397.00; 5635.00; 5129.00; 6538.00, 1464014192.05
8393.00; 5627.00; 5132.00; 6533.00, 1464014192.07
8393.00; 5627.00; 5132.00; 6533.00, 1464014192.08
8392.00; 5635.00; 5124.00; 6533.00, 1464014192.09
8395.00; 5634.00; 5132.00; 6538.00, 1464014192.10
8395.00; 5634.00; 5132.00; 6538.00, 1464014192.11
8399.00; 5636.00; 5133.00; 6537.00, 1464014192.12
8392.00; 5637.00; 5131.00; 6535.00, 1464014192.13
8392.00; 5637.00; 5131.00; 6535.00, 1464014192.14
8390.00; 5635.00; 5138.00; 6536.00, 1464014192.15
8390.00; 5635.00; 5138.00; 6536.00, 1464014192.16
8394.00; 5634.00; 5128.00; 6538.00, 1464014192.17
8388.00; 5640.00; 5131.00; 6537.00, 1464014192.18
8388.00; 5640.00; 5131.00; 6537.00, 1464014192.19
8399.00; 5642.00; 5131.00; 6536.00, 1464014192.20
8399.00; 5642.00; 5131.00; 6536.00, 1464014192.21
8390.00; 5634.00; 5140.00; 6535.00, 1464014192.22
8395.00; 5636.00; 5136.00; 6538.00, 1464014192.23
8395.00; 5636.00; 5136.00; 6538.00, 1464014192.24
8392.00; 5638.00; 5127.00; 6531.00, 1464014192.25
8388.00; 5635.00; 5127.00; 6535.00, 1464014192.26
8388.00; 5635.00; 5127.00; 6535.00, 1464014192.28
8393.00; 5638.00; 5135.00; 6534.00, 1464014192.28
8395.00; 5638.00; 5127.00; 6539.00, 1464014192.30
8395.00; 5638.00; 5127.00; 6539.00, 1464014192.30
8391.00; 5627.00; 5132.00; 6533.00, 1464014192.32
8391.00; 5627.00; 5132.00; 6533.00, 1464014192.32
8391.00; 5635.00; 5132.00; 6539.00, 1464014192.34
8393.00; 5634.00; 5129.00; 6532.00, 1464014192.34
8393.00; 5634.00; 5129.00; 6532.00, 1464014192.36
8391.00; 5635.00; 5126.00; 6536.00, 1464014192.36
8391.00; 5635.00; 5126.00; 6536.00, 1464014192.38
8390.00; 5635.00; 5134.00; 6530.00, 1464014192.38
8390.00; 5637.00; 5129.00; 6536.00, 1464014192.40
8390.00; 5637.00; 5129.00; 6536.00, 1464014192.40
8387.00; 5634.00; 5134.00; 6533.00, 1464014192.42
8398.00; 5635.00; 5125.00; 6532.00, 1464014192.42
8398.00; 5635.00; 5125.00; 6532.00, 1464014192.44
8397.00; 5638.00; 5130.00; 6537.00, 1464014192.44
8391.00; 5638.00; 5132.00; 6530.00, 1464014192.46
8391.00; 5638.00; 5132.00; 6530.00, 1464014192.46
8392.00; 5628.00; 5127.00; 6528.00, 1464014192.48
8392.00; 5628.00; 5127.00; 6528.00, 1464014192.48
8391.00; 5635.00; 5129.00; 6535.00, 1464014192.50
8396.00; 5631.00; 5134.00; 6534.00, 1464014192.50
8396.00; 5631.00; 5134.00; 6534.00, 1464014192.52
8394.00; 5631.00; 5132.00; 6538.00, 1464014192.52
8393.00; 5632.00; 5130.00; 6540.00, 1464014192.54
8393.00; 5632.00; 5130.00; 6540.00, 1464014192.54
8393.00; 5634.00; 5132.00; 6533.00, 1464014192.56
8393.00; 5634.00; 5132.00; 6533.00, 1464014192.56
8389.00; 5633.00; 5132.00; 6535.00, 1464014192.58
8394.00; 5631.00; 5129.00; 6530.00, 1464014192.58
8394.00; 5631.00; 5129.00; 6530.00, 1464014192.60
8390.00; 5633.00; 5135.00; 6531.00, 1464014192.60
8394.00; 5630.00; 5130.00; 6535.00, 1464014192.62
8394.00; 5630.00; 5130.00; 6535.00, 1464014192.62
8395.00; 5633.00; 5130.00; 6538.00, 1464014192.64
8395.00; 5633.00; 5130.00; 6538.00, 1464014192.64
8397.00; 5630.00; 5126.00; 6534.00, 1464014192.66
8390.00; 5634.00; 5133.00; 6534.00, 1464014192.66
8390.00; 5634.00; 5133.00; 6534.00, 1464014192.68
8396.00; 5636.00; 5131.00; 6529.00, 1464014192.68
8401.00; 5638.00; 5131.00; 6534.00, 1464014192.70
8401.00; 5638.00; 5131.00; 6534.00, 1464014192.70
8389.00; 5637.00; 5129.00; 6543.00, 1464014192.72
8389.00; 5637.00; 5129.00; 6543.00, 1464014192.72
8394.00; 5629.00; 5128.00; 6532.00, 1464014192.74
8394.00; 5636.00; 5127.00; 6536.00, 1464014192.74
8394.00; 5636.00; 5127.00; 6536.00, 1464014192.76
8396.00; 5641.00; 5130.00; 6537.00, 1464014192.76
8391.00; 5632.00; 5130.00; 6534.00, 1464014192.78
8391.00; 5632.00; 5130.00; 6534.00, 1464014192.78
8397.00; 5640.00; 5132.00; 6528.00, 1464014192.80
8397.00; 5640.00; 5132.00; 6528.00, 1464014192.80
8388.00; 5633.00; 5132.00; 6534.00, 1464014192.82
8390.00; 5641.00; 5133.00; 6532.00, 1464014192.82
8390.00; 5641.00; 5133.00; 6532.00, 1464014192.84
8392.00; 5629.00; 5134.00; 6534.00, 1464014192.84
8393.00; 5634.00; 5127.00; 6535.00, 1464014192.87
8393.00; 5634.00; 5127.00; 6535.00, 1464014192.87
8396.00; 5629.00; 5131.00; 6534.00, 1464014192.88
8396.00; 5629.00; 5131.00; 6534.00, 1464014192.89
8397.00; 5632.00; 5130.00; 6532.00, 1464014192.90
8393.00; 5638.00; 5130.00; 6538.00, 1464014192.91
8393.00; 5638.00; 5130.00; 6538.00, 1464014192.92
8389.00; 5633.00; 5126.00; 6536.00, 1464014192.93
8396.00; 5631.00; 5137.00; 6532.00, 1464014192.94
8396.00; 5631.00; 5137.00; 6532.00, 1464014192.95
8397.00; 5634.00; 5128.00; 6534.00, 1464014192.96
8397.00; 5634.00; 5128.00; 6534.00, 1464014192.97
8390.00; 5634.00; 5131.00; 6528.00, 1464014192.98
8391.00; 5629.00; 5131.00; 6535.00, 1464014192.99
8391.00; 5629.00; 5131.00; 6535.00, 1464014193.00
8388.00; 5635.00; 5127.00; 6535.00, 1464014193.01
8388.00; 5635.00; 5127.00; 6535.00, 1464014193.02
8397.00; 5634.00; 5136.00; 6528.00, 1464014193.03
8396.00; 5639.00; 5136.00; 6535.00, 1464014193.04
8396.00; 5639.00; 5136.00; 6535.00, 1464014193.05
8386.00; 5635.00; 5132.00; 6534.00, 1464014193.06
8387.00; 5635.00; 5136.00; 6541.00, 1464014193.07
8387.00; 5635.00; 5136.00; 6541.00, 1464014193.08
8392.00; 5635.00; 5127.00; 6541.00, 1464014193.09
8392.00; 5635.00; 5127.00; 6541.00, 1464014193.10
8397.00; 5642.00; 5130.00; 6530.00, 1464014193.11
8395.00; 5643.00; 5132.00; 6537.00, 1464014193.12
8395.00; 5643.00; 5132.00; 6537.00, 1464014193.13
8397.00; 5635.00; 5130.00; 6534.00, 1464014193.14
8391.00; 5631.00; 5134.00; 6534.00, 1464014193.15
8391.00; 5631.00; 5134.00; 6534.00, 1464014193.16
8388.00; 5631.00; 5133.00; 6540.00, 1464014193.17
8388.00; 5631.00; 5133.00; 6540.00, 1464014193.18
8390.00; 5636.00; 5133.00; 6539.00, 1464014193.20
8394.00; 5639.00; 5129.00; 6538.00, 1464014193.20
8394.00; 5639.00; 5129.00; 6538.00, 1464014193.22
8391.00; 5628.00; 5131.00; 6533.00, 1464014193.22
8393.00; 5629.00; 5126.00; 6535.00, 1464014193.24
8393.00; 5629.00; 5126.00; 6535.00, 1464014193.24
8392.00; 5634.00; 5130.00; 6534.00, 1464014193.26
8392.00; 5634.00; 5130.00; 6534.00, 1464014193.26
8395.00; 5633.00; 5134.00; 6539.00, 1464014193.28
8386.00; 5638.00; 5128.00; 6530.00, 1464014193.28
8386.00; 5638.00; 5128.00; 6530.00, 1464014193.30
8397.00; 5633.00; 5129.00; 6535.00, 1464014193.30
8391.00; 5632.00; 5132.00; 6534.00, 1464014193.32
8391.00; 5632.00; 5132.00; 6534.00, 1464014193.32
8390.00; 5634.00; 5134.00; 6534.00, 1464014193.34
8395.00; 5634.00; 5137.00; 6534.00, 1464014193.34
8395.00; 5638.00; 5137.00; 6534.00, 1464014193.35
8390.00; 5637.00; 5130.00; 6537.00, 1464014193.37
8390.00; 5637.00; 5130.00; 6537.00, 1464014193.37
8393.00; 5633.00; 5128.00; 6537.00, 1464014193.39
8396.00; 5637.00; 5132.00; 6534.00, 1464014193.39
8396.00; 5637.00; 5132.00; 6534.00, 1464014193.41
8391.00; 5631.00; 5134.00; 6539.00, 1464014193.41
8391.00; 5631.00; 5134.00; 6539.00, 1464014193.43
8395.00; 5638.00; 5134.00; 6536.00, 1464014193.43
8393.00; 5634.00; 5129.00; 6539.00, 1464014193.45
8393.00; 5634.00; 5129.00; 6539.00, 1464014193.45
8390.00; 5635.00; 5127.00; 6535.00, 1464014193.47
8393.00; 5637.00; 5135.00; 6537.00, 1464014193.47
8393.00; 5637.00; 5135.00; 6537.00, 1464014193.49
8392.00; 5639.00; 5129.00; 6534.00, 1464014193.49
8392.00; 5639.00; 5129.00; 6534.00, 1464014193.51
8392.00; 5628.00; 5130.00; 6538.00, 1464014193.51
8392.00; 5634.00; 5136.00; 6535.00, 1464014193.53
8392.00; 5634.00; 5136.00; 6535.00, 1464014193.53
8393.00; 5633.00; 5128.00; 6532.00, 1464014193.55
8388.00; 5634.00; 5132.00; 6529.00, 1464014193.55
8388.00; 5634.00; 5132.00; 6529.00, 1464014193.57
8394.00; 5633.00; 5131.00; 6533.00, 1464014193.57
8394.00; 5633.00; 5131.00; 6533.00, 1464014193.59
8386.00; 5633.00; 5131.00; 6538.00, 1464014193.59
8393.00; 5629.00; 5129.00; 6536.00, 1464014193.61
8393.00; 5629.00; 5129.00; 6536.00, 1464014193.61
8399.00; 5631.00; 5128.00; 6534.00, 1464014193.63
8390.00; 5634.00; 5134.00; 6535.00, 1464014193.63
8390.00; 5634.00; 5134.00; 6535.00, 1464014193.65
8393.00; 5635.00; 5127.00; 6535.00, 1464014193.65
8393.00; 5635.00; 5127.00; 6535.00, 1464014193.67
8391.00; 5632.00; 5128.00; 6531.00, 1464014193.67
8394.00; 5637.00; 5127.00; 6534.00, 1464014193.69
8394.00; 5637.00; 5127.00; 6534.00, 1464014193.69
8395.00; 5633.00; 5130.00; 6537.00, 1464014193.71
8391.00; 5629.00; 5130.00; 6533.00, 1464014193.71
8391.00; 5629.00; 5130.00; 6533.00, 1464014193.73
8395.00; 5635.00; 5130.00; 6532.00, 1464014193.73
8395.00; 5635.00; 5130.00; 6532.00, 1464014193.75
8389.00; 5636.00; 5129.00; 6536.00, 1464014193.75
8393.00; 5631.00; 5128.00; 6538.00, 1464014193.77
8393.00; 5631.00; 5128.00; 6538.00, 1464014193.77
8390.00; 5637.00; 5128.00; 6536.00, 1464014193.79
8389.00; 5629.00; 5127.00; 6530.00, 1464014193.79
8389.00; 5629.00; 5127.00; 6530.00, 1464014193.81
8394.00; 5636.00; 5129.00; 6533.00, 1464014193.81
8394.00; 5636.00; 5129.00; 6533.00, 1464014193.83
8392.00; 5632.00; 5131.00; 6527.00, 1464014193.83
8387.00; 5635.00; 5132.00; 6536.00, 1464014193.85
8387.00; 5635.00; 5132.00; 6536.00, 1464014193.85
8396.00; 5632.00; 5132.00; 6532.00, 1464014193.87
8397.00; 5634.00; 5133.00; 6530.00, 1464014193.87
8397.00; 5634.00; 5133.00; 6530.00, 1464014193.89
8390.00; 5641.00; 5129.00; 6538.00, 1464014193.90
8390.00; 5641.00; 5129.00; 6538.00, 1464014193.91
8394.00; 5637.00; 5134.00; 6534.00, 1464014193.92
8394.00; 5628.00; 5134.00; 6537.00, 1464014193.93
8394.00; 5628.00; 5134.00; 6537.00, 1464014193.94
8391.00; 5630.00; 5133.00; 6534.00, 1464014193.95
8390.00; 5637.00; 5133.00; 6532.00, 1464014193.96
8390.00; 5637.00; 5133.00; 6532.00, 1464014193.97
8395.00; 5628.00; 5126.00; 6533.00, 1464014193.98
8395.00; 5628.00; 5126.00; 6533.00, 1464014193.99
8390.00; 5635.00; 5132.00; 6538.00, 1464014194.00
8392.00; 5637.00; 5131.00; 6538.00, 1464014194.01
8392.00; 5637.00; 5131.00; 6538.00, 1464014194.02
8392.00; 5634.00; 5129.00; 6530.00, 1464014194.03
8392.00; 5637.00; 5132.00; 6534.00, 1464014194.04
8392.00; 5637.00; 5132.00; 6534.00, 1464014194.05
8401.00; 5636.00; 5125.00; 6534.00, 1464014194.06
8401.00; 5636.00; 5125.00; 6534.00, 1464014194.07
8394.00; 5638.00; 5129.00; 6536.00, 1464014194.08
8386.00; 5637.00; 5129.00; 6531.00, 1464014194.09
8386.00; 5637.00; 5129.00; 6531.00, 1464014194.10
8393.00; 5638.00; 5131.00; 6536.00, 1464014194.11
8393.00; 5638.00; 5131.00; 6536.00, 1464014194.12
8387.00; 5631.00; 5128.00; 6533.00, 1464014194.15
8390.00; 5634.00; 5134.00; 6533.00, 1464014194.15
8397.00; 5633.00; 5124.00; 6536.00, 1464014194.17
8394.00; 5633.00; 5132.00; 6541.00, 1464014194.17
8394.00; 5633.00; 5132.00; 6541.00, 1464014194.18
8392.00; 5637.00; 5130.00; 6532.00, 1464014194.19
8383.00; 5630.00; 5132.00; 6531.00, 1464014194.21
8383.00; 5630.00; 5132.00; 6531.00, 1464014194.21
8390.00; 5635.00; 5131.00; 6535.00, 1464014194.23
8390.00; 5635.00; 5131.00; 6535.00, 1464014194.23
8394.00; 5634.00; 5133.00; 6532.00, 1464014194.25
8390.00; 5629.00; 5134.00; 6528.00, 1464014194.25
8390.00; 5629.00; 5134.00; 6528.00, 1464014194.27
8394.00; 5634.00; 5130.00; 6538.00, 1464014194.27
8392.00; 5629.00; 5136.00; 6539.00, 1464014194.29
8392.00; 5629.00; 5136.00; 6539.00, 1464014194.29
8392.00; 5632.00; 5135.00; 6535.00, 1464014194.31
8392.00; 5632.00; 5135.00; 6535.00, 1464014194.31
8393.00; 5631.00; 5130.00; 6532.00, 1464014194.33
8395.00; 5638.00; 5127.00; 6531.00, 1464014194.33
8395.00; 5638.00; 5127.00; 6531.00, 1464014194.35
8399.00; 5630.00; 5130.00; 6535.00, 1464014194.35
8393.00; 5630.00; 5135.00; 6532.00, 1464014194.37
8393.00; 5630.00; 5135.00; 6532.00, 1464014194.37
8392.00; 5633.00; 5129.00; 6536.00, 1464014194.39
8392.00; 5633.00; 5129.00; 6536.00, 1464014194.39
8389.00; 5630.00; 5127.00; 6534.00, 1464014194.41
8390.00; 5632.00; 5132.00; 6537.00, 1464014194.41
8390.00; 5632.00; 5132.00; 6537.00, 1464014194.43
8393.00; 5638.00; 5130.00; 6536.00, 1464014194.43
8394.00; 5630.00; 5133.00; 6534.00, 1464014194.45
8394.00; 5630.00; 5133.00; 6534.00, 1464014194.45
8394.00; 5636.00; 5128.00; 6536.00, 1464014194.47
8394.00; 5636.00; 5128.00; 6536.00, 1464014194.47
8389.00; 5637.00; 5129.00; 6528.00, 1464014194.49
8396.00; 5637.00; 5122.00; 6540.00, 1464014194.49
8396.00; 5637.00; 5122.00; 6540.00, 1464014194.51
8392.00; 5636.00; 5133.00; 6536.00, 1464014194.51
8392.00; 5633.00; 5132.00; 6540.00, 1464014194.53
8392.00; 5633.00; 5132.00; 6540.00, 1464014194.53
8396.00; 5635.00; 5134.00; 6535.00, 1464014194.55
8396.00; 5635.00; 5134.00; 6535.00, 1464014194.55
8391.00; 5634.00; 5131.00; 6530.00, 1464014194.57
8393.00; 5633.00; 5133.00; 6536.00, 1464014194.57
8393.00; 5633.00; 5133.00; 6536.00, 1464014194.59
8395.00; 5632.00; 5126.00; 6533.00, 1464014194.59
8389.00; 5635.00; 5132.00; 6530.00, 1464014194.61
8389.00; 5635.00; 5132.00; 6530.00, 1464014194.61
8391.00; 5629.00; 5130.00; 6539.00, 1464014194.63
8391.00; 5629.00; 5130.00; 6539.00, 1464014194.63
8393.00; 5629.00; 5132.00; 6533.00, 1464014194.65
8391.00; 5637.00; 5136.00; 6530.00, 1464014194.65
8391.00; 5637.00; 5136.00; 6530.00, 1464014194.67
8391.00; 5637.00; 5130.00; 6536.00, 1464014194.67
8394.00; 5630.00; 5130.00; 6536.00, 1464014194.69
8394.00; 5630.00; 5130.00; 6536.00, 1464014194.69
8391.00; 5633.00; 5133.00; 6533.00, 1464014194.71
8391.00; 5633.00; 5133.00; 6533.00, 1464014194.72
8391.00; 5638.00; 5130.00; 6536.00, 1464014194.73
8394.00; 5633.00; 5130.00; 6531.00, 1464014194.74
8394.00; 5633.00; 5130.00; 6531.00, 1464014194.75
8392.00; 5630.00; 5128.00; 6538.00, 1464014194.76
8390.00; 5631.00; 5139.00; 6539.00, 1464014194.77
8390.00; 5631.00; 5139.00; 6539.00, 1464014194.78
8393.00; 5631.00; 5127.00; 6539.00, 1464014194.79
8393.00; 5631.00; 5127.00; 6539.00, 1464014194.80
8389.00; 5635.00; 5132.00; 6531.00, 1464014194.81
8397.00; 5628.00; 5131.00; 6536.00, 1464014194.82
8397.00; 5628.00; 5131.00; 6536.00, 1464014194.83
8392.00; 5640.00; 5134.00; 6534.00, 1464014194.84
8389.00; 5637.00; 5134.00; 6532.00, 1464014194.85
8389.00; 5637.00; 5134.00; 6532.00, 1464014194.86
8392.00; 5634.00; 5132.00; 6542.00, 1464014194.87
8392.00; 5634.00; 5132.00; 6542.00, 1464014194.88
8393.00; 5629.00; 5131.00; 6533.00, 1464014194.89
8394.00; 5635.00; 5133.00; 6530.00, 1464014194.90
8394.00; 5635.00; 5133.00; 6530.00, 1464014194.91
8399.00; 5635.00; 5128.00; 6531.00, 1464014194.92
8392.00; 5634.00; 5129.00; 6539.00, 1464014194.93
8392.00; 5634.00; 5129.00; 6539.00, 1464014194.94
8395.00; 5636.00; 5131.00; 6537.00, 1464014194.95
8395.00; 5636.00; 5131.00; 6537.00, 1464014194.96
8389.00; 5638.00; 5131.00; 6530.00, 1464014194.97
8395.00; 5633.00; 5131.00; 6535.00, 1464014194.98
8395.00; 5633.00; 5131.00; 6535.00, 1464014194.99
8395.00; 5637.00; 5133.00; 6532.00, 1464014195.00
8390.00; 5631.00; 5134.00; 6529.00, 1464014195.02
8390.00; 5631.00; 5134.00; 6529.00, 1464014195.02
8397.00; 5635.00; 5132.00; 6537.00, 1464014195.04
8397.00; 5635.00; 5132.00; 6537.00, 1464014195.04
8392.00; 5631.00; 5130.00; 6535.00, 1464014195.06
8393.00; 5634.00; 5127.00; 6539.00, 1464014195.06
8393.00; 5634.00; 5127.00; 6539.00, 1464014195.08
8390.00; 5633.00; 5130.00; 6539.00, 1464014195.08
8388.00; 5631.00; 5133.00; 6538.00, 1464014195.10
8388.00; 5631.00; 5133.00; 6538.00, 1464014195.10
8391.00; 5628.00; 5130.00; 6540.00, 1464014195.12
8391.00; 5628.00; 5130.00; 6540.00, 1464014195.12
8394.00; 5634.00; 5124.00; 6534.00, 1464014195.14
8394.00; 5633.00; 5126.00; 6535.00, 1464014195.14
8394.00; 5633.00; 5126.00; 6535.00, 1464014195.16
8396.00; 5631.00; 5133.00; 6531.00, 1464014195.16
8386.00; 5630.00; 5130.00; 6538.00, 1464014195.18
8386.00; 5630.00; 5130.00; 6538.00, 1464014195.18
8394.00; 5631.00; 5133.00; 6539.00, 1464014195.20
8394.00; 5631.00; 5133.00; 6539.00, 1464014195.20
8394.00; 5635.00; 5133.00; 6538.00, 1464014195.22
8396.00; 5635.00; 5133.00; 6530.00, 1464014195.22
8396.00; 5635.00; 5133.00; 6530.00, 1464014195.24
8395.00; 5635.00; 5125.00; 6535.00, 1464014195.24
8388.00; 5636.00; 5131.00; 6533.00, 1464014195.26
8388.00; 5636.00; 5131.00; 6533.00, 1464014195.26
8394.00; 5638.00; 5130.00; 6534.00, 1464014195.28
8394.00; 5638.00; 5130.00; 6534.00, 1464014195.28
8391.00; 5635.00; 5131.00; 6534.00, 1464014195.30
8393.00; 5637.00; 5132.00; 6536.00, 1464014195.30
8393.00; 5637.00; 5132.00; 6536.00, 1464014195.32
8390.00; 5634.00; 5128.00; 6534.00, 1464014195.32
8386.00; 5629.00; 5127.00; 6533.00, 1464014195.34
8386.00; 5629.00; 5127.00; 6533.00, 1464014195.34
8396.00; 5640.00; 5137.00; 6538.00, 1464014195.36
8396.00; 5640.00; 5137.00; 6538.00, 1464014195.36
8394.00; 5634.00; 5131.00; 6534.00, 1464014195.38
8397.00; 5639.00; 5133.00; 6535.00, 1464014195.38
8397.00; 5639.00; 5133.00; 6535.00, 1464014195.40
8387.00; 5635.00; 5131.00; 6532.00, 1464014195.40
8394.00; 5631.00; 5133.00; 6536.00, 1464014195.43
8394.00; 5631.00; 5133.00; 6536.00, 1464014195.43
8394.00; 5630.00; 5134.00; 6532.00, 1464014195.43
8394.00; 5630.00; 5134.00; 6532.00, 1464014195.45
8390.00; 5632.00; 5131.00; 6538.00, 1464014195.45
8394.00; 5632.00; 5137.00; 6536.00, 1464014195.47
8394.00; 5632.00; 5137.00; 6536.00, 1464014195.47
8391.00; 5631.00; 5128.00; 6534.00, 1464014195.49
8391.00; 5634.00; 5130.00; 6534.00, 1464014195.49
8391.00; 5634.00; 5130.00; 6534.00, 1464014195.51
8397.00; 5637.00; 5130.00; 6535.00, 1464014195.51
8397.00; 5637.00; 5130.00; 6535.00, 1464014195.53
8383.00; 5633.00; 5130.00; 6539.00, 1464014195.53
8398.00; 5640.00; 5130.00; 6539.00, 1464014195.55
8398.00; 5640.00; 5130.00; 6539.00, 1464014195.56
8393.00; 5629.00; 5131.00; 6536.00, 1464014195.57
8390.00; 5636.00; 5130.00; 6532.00, 1464014195.58
8390.00; 5636.00; 5130.00; 6532.00, 1464014195.59
8397.00; 5635.00; 5131.00; 6534.00, 1464014195.60
8387.00; 5633.00; 5130.00; 6538.00, 1464014195.61
8387.00; 5633.00; 5130.00; 6538.00, 1464014195.62
8398.00; 5637.00; 5132.00; 6538.00, 1464014195.63
8398.00; 5637.00; 5132.00; 6538.00, 1464014195.64
8392.00; 5626.00; 5131.00; 6533.00, 1464014195.65
8395.00; 5637.00; 5134.00; 6530.00, 1464014195.66
8395.00; 5637.00; 5134.00; 6530.00, 1464014195.67
8396.00; 5635.00; 5130.00; 6537.00, 1464014195.69
8390.00; 5630.00; 5132.00; 6534.00, 1464014195.69
8390.00; 5630.00; 5132.00; 6534.00, 1464014195.70
8391.00; 5636.00; 5128.00; 6537.00, 1464014195.71
8391.00; 5636.00; 5128.00; 6537.00, 1464014195.73
8393.00; 5627.00; 5127.00; 6536.00, 1464014195.73
8393.00; 5631.00; 5130.00; 6533.00, 1464014195.75
8393.00; 5631.00; 5130.00; 6533.00, 1464014195.75
8394.00; 5634.00; 5128.00; 6532.00, 1464014195.77
8388.00; 5637.00; 5133.00; 6531.00, 1464014195.77
8388.00; 5637.00; 5133.00; 6531.00, 1464014195.79
8394.00; 5631.00; 5129.00; 6531.00, 1464014195.79
8394.00; 5631.00; 5129.00; 6531.00, 1464014195.81
8392.00; 5626.00; 5129.00; 6530.00, 1464014195.81
8395.00; 5630.00; 5124.00; 6538.00, 1464014195.83
8395.00; 5630.00; 5124.00; 6538.00, 1464014195.83
8392.00; 5632.00; 5132.00; 6534.00, 1464014195.85
8394.00; 5633.00; 5126.00; 6531.00, 1464014195.85
8394.00; 5633.00; 5126.00; 6531.00, 1464014195.87
8397.00; 5632.00; 5131.00; 6526.00, 1464014195.87
8397.00; 5632.00; 5131.00; 6526.00, 1464014195.89
8392.00; 5629.00; 5129.00; 6544.00, 1464014195.89
8389.00; 5635.00; 5125.00; 6537.00, 1464014195.91
8389.00; 5635.00; 5125.00; 6537.00, 1464014195.91
8392.00; 5632.00; 5132.00; 6532.00, 1464014195.93
8395.00; 5634.00; 5132.00; 6533.00, 1464014195.93
8395.00; 5634.00; 5132.00; 6533.00, 1464014195.95
8390.00; 5634.00; 5136.00; 6538.00, 1464014195.95
8390.00; 5634.00; 5136.00; 6538.00, 1464014195.97
8388.00; 5628.00; 5133.00; 6534.00, 1464014195.97
8389.00; 5637.00; 5132.00; 6536.00, 1464014195.99
8389.00; 5637.00; 5132.00; 6536.00, 1464014195.99
8390.00; 5630.00; 5132.00; 6535.00, 1464014196.01
8395.00; 5642.00; 5134.00; 6534.00, 1464014196.01
8395.00; 5642.00; 5134.00; 6534.00, 1464014196.03
8396.00; 5635.00; 5131.00; 6534.00, 1464014196.03
8396.00; 5635.00; 5131.00; 6534.00, 1464014196.05
8396.00; 5635.00; 5132.00; 6534.00, 1464014196.05
8387.00; 5634.00; 5133.00; 6532.00, 1464014196.07
8387.00; 5634.00; 5133.00; 6532.00, 1464014196.07
8393.00; 5635.00; 5128.00; 6535.00, 1464014196.09
8392.00; 5632.00; 5127.00; 6538.00, 1464014196.09
8392.00; 5632.00; 5127.00; 6538.00, 1464014196.11
8393.00; 5636.00; 5131.00; 6535.00, 1464014196.11
8393.00; 5636.00; 5131.00; 6535.00, 1464014196.13
8392.00; 5630.00; 5141.00; 6531.00, 1464014196.13
8392.00; 5637.00; 5132.00; 6537.00, 1464014196.15
8392.00; 5637.00; 5132.00; 6537.00, 1464014196.15
8393.00; 5631.00; 5132.00; 6532.00, 1464014196.17
8394.00; 5629.00; 5130.00; 6531.00, 1464014196.17
8394.00; 5629.00; 5130.00; 6531.00, 1464014196.19
8387.00; 5631.00; 5131.00; 6539.00, 1464014196.19
8387.00; 5631.00; 5131.00; 6539.00, 1464014196.21
8397.00; 5639.00; 5135.00; 6536.00, 1464014196.21
8391.00; 5631.00; 5136.00; 6535.00, 1464014196.23
8391.00; 5631.00; 5136.00; 6535.00, 1464014196.23
8390.00; 5631.00; 5131.00; 6536.00, 1464014196.25
8388.00; 5635.00; 5133.00; 6531.00, 1464014196.25
8388.00; 5635.00; 5133.00; 6531.00, 1464014196.27
8397.00; 5636.00; 5129.00; 6530.00, 1464014196.27
8397.00; 5636.00; 5129.00; 6530.00, 1464014196.29
8388.00; 5634.00; 5135.00; 6538.00, 1464014196.30
8391.00; 5633.00; 5132.00; 6532.00, 1464014196.31
8391.00; 5633.00; 5132.00; 6532.00, 1464014196.32
8392.00; 5634.00; 5134.00; 6537.00, 1464014196.33
8392.00; 5640.00; 5133.00; 6536.00, 1464014196.34
8392.00; 5640.00; 5133.00; 6536.00, 1464014196.35
8397.00; 5634.00; 5135.00; 6534.00, 1464014196.36
8397.00; 5634.00; 5135.00; 6534.00, 1464014196.37
8394.00; 5627.00; 5127.00; 6531.00, 1464014196.38
8390.00; 5634.00; 5127.00; 6542.00, 1464014196.39
8390.00; 5634.00; 5127.00; 6542.00, 1464014196.40
8391.00; 5632.00; 5132.00; 6533.00, 1464014196.41
8396.00; 5633.00; 5134.00; 6531.00, 1464014196.42
8396.00; 5633.00; 5134.00; 6531.00, 1464014196.43
8387.00; 5635.00; 5131.00; 6537.00, 1464014196.44
8387.00; 5635.00; 5131.00; 6537.00, 1464014196.45
8392.00; 5635.00; 5128.00; 6533.00, 1464014196.46
8391.00; 5632.00; 5132.00; 6539.00, 1464014196.47
8391.00; 5632.00; 5132.00; 6539.00, 1464014196.48
8391.00; 5638.00; 5133.00; 6530.00, 1464014196.49
8396.00; 5632.00; 5134.00; 6530.00, 1464014196.50
8396.00; 5632.00; 5134.00; 6530.00, 1464014196.51
8391.00; 5633.00; 5130.00; 6531.00, 1464014196.52
8391.00; 5633.00; 5130.00; 6531.00, 1464014196.54
8391.00; 5638.00; 5131.00; 6536.00, 1464014196.54
8392.00; 5627.00; 5131.00; 6541.00, 1464014196.56
8392.00; 5627.00; 5131.00; 6541.00, 1464014196.56
8390.00; 5632.00; 5122.00; 6532.00, 1464014196.58
8394.00; 5632.00; 5131.00; 6531.00, 1464014196.58
8394.00; 5632.00; 5131.00; 6531.00, 1464014196.60
8395.00; 5632.00; 5134.00; 6533.00, 1464014196.60
8395.00; 5632.00; 5134.00; 6533.00, 1464014196.62
8392.00; 5639.00; 5136.00; 6537.00, 1464014196.62
8393.00; 5634.00; 5130.00; 6538.00, 1464014196.64
8393.00; 5634.00; 5130.00; 6538.00, 1464014196.64
8394.00; 5637.00; 5128.00; 6532.00, 1464014196.66
8390.00; 5635.00; 5130.00; 6533.00, 1464014196.66
8390.00; 5635.00; 5130.00; 6533.00, 1464014196.68
8394.00; 5635.00; 5126.00; 6530.00, 1464014196.68
8393.00; 5635.00; 5132.00; 6530.00, 1464014196.71
8393.00; 5635.00; 5132.00; 6530.00, 1464014196.71
8393.00; 5633.00; 5126.00; 6532.00, 1464014196.71
8393.00; 5633.00; 5126.00; 6532.00, 1464014196.73
8394.00; 5634.00; 5128.00; 6532.00, 1464014196.73
8394.00; 5632.00; 5123.00; 6536.00, 1464014196.75
8394.00; 5632.00; 5123.00; 6536.00, 1464014196.75
8398.00; 5635.00; 5132.00; 6533.00, 1464014196.77
8396.00; 5635.00; 5133.00; 6536.00, 1464014196.77
8396.00; 5635.00; 5133.00; 6536.00, 1464014196.79
8395.00; 5634.00; 5129.00; 6529.00, 1464014196.79
8395.00; 5634.00; 5129.00; 6529.00, 1464014196.81
8397.00; 5631.00; 5129.00; 6536.00, 1464014196.81
8395.00; 5627.00; 5130.00; 6533.00, 1464014196.83
8395.00; 5627.00; 5130.00; 6533.00, 1464014196.83
8392.00; 5636.00; 5135.00; 6536.00, 1464014196.85
8395.00; 5631.00; 5133.00; 6536.00, 1464014196.85
8395.00; 5631.00; 5133.00; 6536.00, 1464014196.87
8393.00; 5641.00; 5132.00; 6539.00, 1464014196.87
8393.00; 5641.00; 5132.00; 6539.00, 1464014196.89
8396.00; 5632.00; 5129.00; 6538.00, 1464014196.89
8394.00; 5636.00; 5132.00; 6536.00, 1464014196.91
8394.00; 5636.00; 5132.00; 6536.00, 1464014196.91
8395.00; 5633.00; 5132.00; 6535.00, 1464014196.93
8389.00; 5634.00; 5135.00; 6532.00, 1464014196.93
8389.00; 5634.00; 5135.00; 6532.00, 1464014196.95
8399.00; 5630.00; 5134.00; 6534.00, 1464014196.95
8399.00; 5630.00; 5134.00; 6534.00, 1464014196.97
8394.00; 5634.00; 5133.00; 6533.00, 1464014196.97
8394.00; 5630.00; 5134.00; 6532.00, 1464014196.99
8394.00; 5630.00; 5134.00; 6532.00, 1464014196.99
8393.00; 5630.00; 5128.00; 6533.00, 1464014197.01
8393.00; 5637.00; 5129.00; 6532.00, 1464014197.01
8393.00; 5637.00; 5129.00; 6532.00, 1464014197.03
8393.00; 5640.00; 5128.00; 6533.00, 1464014197.03
8393.00; 5640.00; 5128.00; 6533.00, 1464014197.05
8394.00; 5637.00; 5130.00; 6541.00, 1464014197.05
