TL, TR, BL, BR, time 
8503.00; 5530.00; 5028.00; 6631.00; 1464169715.87
8493.00; 5530.00; 5021.00; 6635.00; 1464169715.87
8493.00; 5530.00; 5021.00; 6635.00; 1464169715.87
8499.00; 5518.00; 5024.00; 6630.00; 1464169715.87
8499.00; 5520.00; 5024.00; 6634.00; 1464169715.87
8499.00; 5520.00; 5024.00; 6634.00; 1464169715.87
8494.00; 5523.00; 5025.00; 6633.00; 1464169715.87
8503.00; 5525.00; 5026.00; 6627.00; 1464169715.87
8503.00; 5525.00; 5026.00; 6627.00; 1464169715.87
8503.00; 5525.00; 5027.00; 6631.00; 1464169715.87
8503.00; 5525.00; 5027.00; 6631.00; 1464169715.87
8494.00; 5527.00; 5028.00; 6635.00; 1464169715.87
8501.00; 5530.00; 5026.00; 6626.00; 1464169715.87
8501.00; 5530.00; 5026.00; 6626.00; 1464169715.87
8505.00; 5527.00; 5028.00; 6636.00; 1464169715.87
8494.00; 5526.00; 5024.00; 6633.00; 1464169715.87
8494.00; 5526.00; 5024.00; 6633.00; 1464169715.87
8500.00; 5530.00; 5025.00; 6630.00; 1464169715.87
8500.00; 5526.00; 5031.00; 6636.00; 1464169715.87
8500.00; 5526.00; 5031.00; 6636.00; 1464169715.87
8503.00; 5535.00; 5035.00; 6632.00; 1464169715.87
8503.00; 5535.00; 5035.00; 6632.00; 1464169715.87
8498.00; 5532.00; 5027.00; 6636.00; 1464169715.87
8498.00; 5533.00; 5030.00; 6633.00; 1464169715.87
8498.00; 5533.00; 5030.00; 6633.00; 1464169715.87
8499.00; 5526.00; 5027.00; 6633.00; 1464169715.87
8496.00; 5526.00; 5027.00; 6627.00; 1464169715.87
8496.00; 5526.00; 5027.00; 6627.00; 1464169715.87
8500.00; 5524.00; 5025.00; 6636.00; 1464169715.87
8500.00; 5524.00; 5025.00; 6636.00; 1464169715.87
8496.00; 5525.00; 5023.00; 6628.00; 1464169715.87
8498.00; 5531.00; 5031.00; 6634.00; 1464169715.87
8498.00; 5531.00; 5031.00; 6634.00; 1464169715.87
8494.00; 5527.00; 5021.00; 6635.00; 1464169715.87
8494.00; 5527.00; 5021.00; 6635.00; 1464169715.87
8488.00; 5526.00; 5030.00; 6627.00; 1464169715.87
8494.00; 5529.00; 5027.00; 6632.00; 1464169715.87
8494.00; 5529.00; 5027.00; 6632.00; 1464169715.87
8501.00; 5527.00; 5023.00; 6628.00; 1464169715.87
8496.00; 5531.00; 5026.00; 6633.00; 1464169715.87
8496.00; 5531.00; 5026.00; 6633.00; 1464169715.87
8504.00; 5533.00; 5025.00; 6634.00; 1464169715.87
8504.00; 5533.00; 5025.00; 6634.00; 1464169715.87
8500.00; 5530.00; 5027.00; 6634.00; 1464169715.87
8497.00; 5526.00; 5027.00; 6631.00; 1464169715.87
8497.00; 5526.00; 5027.00; 6631.00; 1464169715.87
8501.00; 5530.00; 5030.00; 6635.00; 1464169715.87
8497.00; 5526.00; 5027.00; 6628.00; 1464169715.87
8497.00; 5526.00; 5027.00; 6628.00; 1464169715.87
8500.00; 5537.00; 5025.00; 6633.00; 1464169715.87
8495.00; 5537.00; 5027.00; 6633.00; 1464169715.87
8495.00; 5537.00; 5027.00; 6633.00; 1464169715.87
8498.00; 5520.00; 5026.00; 6635.00; 1464169715.87
8498.00; 5520.00; 5026.00; 6635.00; 1464169715.87
8496.00; 5529.00; 5025.00; 6628.00; 1464169715.87
8496.00; 5529.00; 5025.00; 6631.00; 1464169715.87
8496.00; 5529.00; 5025.00; 6631.00; 1464169715.87
8503.00; 5528.00; 5021.00; 6631.00; 1464169715.87
8503.00; 5528.00; 5021.00; 6631.00; 1464169715.87
8497.00; 5532.00; 5030.00; 6631.00; 1464169715.87
8495.00; 5526.00; 5030.00; 6634.00; 1464169715.87
8495.00; 5526.00; 5030.00; 6634.00; 1464169715.87
8499.00; 5527.00; 5024.00; 6631.00; 1464169715.87
8499.00; 5527.00; 5024.00; 6628.00; 1464169715.87
8499.00; 5527.00; 5024.00; 6628.00; 1464169715.87
8507.00; 5525.00; 5031.00; 6632.00; 1464169715.87
8507.00; 5525.00; 5031.00; 6632.00; 1464169715.87
8502.00; 5530.00; 5030.00; 6634.00; 1464169715.88
8503.00; 5532.00; 5031.00; 6635.00; 1464169715.89
8503.00; 5532.00; 5031.00; 6635.00; 1464169715.91
8501.00; 5533.00; 5024.00; 6632.00; 1464169715.91
8499.00; 5530.00; 5032.00; 6630.00; 1464169715.93
8499.00; 5530.00; 5032.00; 6630.00; 1464169715.93
8498.00; 5527.00; 5028.00; 6631.00; 1464169715.95
8498.00; 5527.00; 5028.00; 6631.00; 1464169715.95
8503.00; 5528.00; 5032.00; 6635.00; 1464169715.97
8501.00; 5531.00; 5033.00; 6636.00; 1464169715.97
8501.00; 5531.00; 5033.00; 6636.00; 1464169715.99
8497.00; 5529.00; 5025.00; 6627.00; 1464169715.99
8497.00; 5528.00; 5026.00; 6630.00; 1464169716.01
8497.00; 5528.00; 5026.00; 6630.00; 1464169716.01
8499.00; 5526.00; 5024.00; 6634.00; 1464169716.02
8499.00; 5526.00; 5024.00; 6634.00; 1464169716.04
8496.00; 5526.00; 5030.00; 6632.00; 1464169716.04
8494.00; 5528.00; 5031.00; 6634.00; 1464169716.06
8494.00; 5528.00; 5031.00; 6634.00; 1464169716.06
8500.00; 5529.00; 5022.00; 6628.00; 1464169716.08
8495.00; 5527.00; 5027.00; 6625.00; 1464169716.08
8495.00; 5527.00; 5027.00; 6625.00; 1464169716.10
8490.00; 5528.00; 5021.00; 6632.00; 1464169716.10
8490.00; 5528.00; 5021.00; 6632.00; 1464169716.12
8504.00; 5530.00; 5027.00; 6629.00; 1464169716.12
8505.00; 5534.00; 5031.00; 6639.00; 1464169716.14
8505.00; 5534.00; 5031.00; 6639.00; 1464169716.14
8494.00; 5524.00; 5026.00; 6626.00; 1464169716.17
8496.00; 5531.00; 5025.00; 6629.00; 1464169716.17
8500.00; 5530.00; 5029.00; 6628.00; 1464169716.19
8500.00; 5530.00; 5029.00; 6628.00; 1464169716.19
8496.00; 5531.00; 5032.00; 6631.00; 1464169716.21
8502.00; 5534.00; 5026.00; 6633.00; 1464169716.21
8502.00; 5534.00; 5026.00; 6633.00; 1464169716.23
8494.00; 5532.00; 5033.00; 6634.00; 1464169716.23
8501.00; 5526.00; 5028.00; 6638.00; 1464169716.25
8501.00; 5526.00; 5028.00; 6638.00; 1464169716.25
8500.00; 5527.00; 5022.00; 6630.00; 1464169716.27
8500.00; 5527.00; 5022.00; 6630.00; 1464169716.27
8498.00; 5525.00; 5026.00; 6629.00; 1464169716.29
8503.00; 5531.00; 5032.00; 6633.00; 1464169716.29
8503.00; 5531.00; 5032.00; 6633.00; 1464169716.31
8505.00; 5526.00; 5021.00; 6630.00; 1464169716.31
8505.00; 5526.00; 5027.00; 6630.00; 1464169716.33
8491.00; 5522.00; 5027.00; 6632.00; 1464169716.33
8497.00; 5523.00; 5031.00; 6635.00; 1464169716.35
8497.00; 5523.00; 5031.00; 6635.00; 1464169716.35
8499.00; 5524.00; 5023.00; 6629.00; 1464169716.37
8494.00; 5533.00; 5027.00; 6628.00; 1464169716.37
8494.00; 5533.00; 5027.00; 6628.00; 1464169716.39
8501.00; 5531.00; 5021.00; 6636.00; 1464169716.40
8495.00; 5531.00; 5029.00; 6635.00; 1464169716.41
8495.00; 5530.00; 5029.00; 6635.00; 1464169716.42
8501.00; 5529.00; 5029.00; 6629.00; 1464169716.43
8501.00; 5529.00; 5029.00; 6629.00; 1464169716.44
8499.00; 5531.00; 5028.00; 6631.00; 1464169716.45
8501.00; 5528.00; 5024.00; 6633.00; 1464169716.46
8501.00; 5528.00; 5024.00; 6633.00; 1464169716.47
8501.00; 5530.00; 5024.00; 6628.00; 1464169716.48
8495.00; 5526.00; 5029.00; 6634.00; 1464169716.49
8495.00; 5526.00; 5029.00; 6634.00; 1464169716.50
8494.00; 5526.00; 5027.00; 6631.00; 1464169716.51
8494.00; 5526.00; 5027.00; 6631.00; 1464169716.52
8496.00; 5525.00; 5025.00; 6628.00; 1464169716.53
8500.00; 5527.00; 5023.00; 6632.00; 1464169716.54
8500.00; 5527.00; 5023.00; 6632.00; 1464169716.56
8496.00; 5532.00; 5028.00; 6629.00; 1464169716.56
8503.00; 5527.00; 5027.00; 6633.00; 1464169716.58
8503.00; 5527.00; 5027.00; 6633.00; 1464169716.58
8497.00; 5527.00; 5028.00; 6634.00; 1464169716.60
8497.00; 5527.00; 5028.00; 6634.00; 1464169716.60
8498.00; 5536.00; 5028.00; 6635.00; 1464169716.62
8505.00; 5530.00; 5030.00; 6629.00; 1464169716.62
8505.00; 5530.00; 5030.00; 6629.00; 1464169716.64
8498.00; 5530.00; 5030.00; 6636.00; 1464169716.64
8501.00; 5528.00; 5032.00; 6630.00; 1464169716.66
8501.00; 5528.00; 5032.00; 6630.00; 1464169716.66
8498.00; 5523.00; 5023.00; 6635.00; 1464169716.68
8498.00; 5523.00; 5023.00; 6635.00; 1464169716.68
8498.00; 5528.00; 5024.00; 6631.00; 1464169716.70
8499.00; 5528.00; 5023.00; 6628.00; 1464169716.70
8499.00; 5528.00; 5023.00; 6628.00; 1464169716.72
8505.00; 5535.00; 5028.00; 6634.00; 1464169716.72
8505.00; 5535.00; 5028.00; 6634.00; 1464169716.74
8497.00; 5528.00; 5031.00; 6629.00; 1464169716.74
8497.00; 5531.00; 5031.00; 6630.00; 1464169716.76
8497.00; 5531.00; 5031.00; 6630.00; 1464169716.76
8494.00; 5531.00; 5029.00; 6631.00; 1464169716.78
8496.00; 5531.00; 5027.00; 6629.00; 1464169716.78
8496.00; 5531.00; 5027.00; 6629.00; 1464169716.80
8497.00; 5534.00; 5030.00; 6634.00; 1464169716.80
8497.00; 5534.00; 5030.00; 6634.00; 1464169716.82
8500.00; 5528.00; 5029.00; 6631.00; 1464169716.82
8495.00; 5525.00; 5030.00; 6633.00; 1464169716.84
8495.00; 5525.00; 5030.00; 6633.00; 1464169716.84
8494.00; 5536.00; 5033.00; 6636.00; 1464169716.86
8501.00; 5533.00; 5027.00; 6630.00; 1464169716.86
8501.00; 5533.00; 5027.00; 6630.00; 1464169716.88
8498.00; 5535.00; 5029.00; 6628.00; 1464169716.88
8498.00; 5535.00; 5029.00; 6628.00; 1464169716.90
8495.00; 5528.00; 5031.00; 6635.00; 1464169716.90
8492.00; 5524.00; 5028.00; 6627.00; 1464169716.92
8492.00; 5524.00; 5028.00; 6627.00; 1464169716.92
8490.00; 5524.00; 5026.00; 6624.00; 1464169716.94
8498.00; 5532.00; 5030.00; 6634.00; 1464169716.94
8498.00; 5532.00; 5030.00; 6634.00; 1464169716.96
8502.00; 5532.00; 5026.00; 6632.00; 1464169716.96
8502.00; 5532.00; 5026.00; 6632.00; 1464169716.98
8495.00; 5537.00; 5026.00; 6633.00; 1464169716.98
8502.00; 5527.00; 5029.00; 6633.00; 1464169717.00
8502.00; 5527.00; 5029.00; 6633.00; 1464169717.00
8494.00; 5530.00; 5026.00; 6634.00; 1464169717.02
8494.00; 5530.00; 5026.00; 6634.00; 1464169717.02
8501.00; 5529.00; 5026.00; 6629.00; 1464169717.04
8506.00; 5533.00; 5029.00; 6629.00; 1464169717.04
8506.00; 5533.00; 5029.00; 6629.00; 1464169717.06
8506.00; 5529.00; 5028.00; 6636.00; 1464169717.06
8498.00; 5531.00; 5027.00; 6629.00; 1464169717.08
8498.00; 5531.00; 5027.00; 6629.00; 1464169717.08
8498.00; 5527.00; 5030.00; 6636.00; 1464169717.10
8498.00; 5527.00; 5030.00; 6636.00; 1464169717.10
8495.00; 5531.00; 5029.00; 6631.00; 1464169717.12
8502.00; 5529.00; 5031.00; 6627.00; 1464169717.12
8502.00; 5529.00; 5031.00; 6627.00; 1464169717.14
8496.00; 5534.00; 5027.00; 6634.00; 1464169717.14
8504.00; 5528.00; 5033.00; 6637.00; 1464169717.16
8504.00; 5528.00; 5033.00; 6637.00; 1464169717.16
8501.00; 5530.00; 5033.00; 6633.00; 1464169717.18
8501.00; 5530.00; 5033.00; 6633.00; 1464169717.18
8499.00; 5530.00; 5028.00; 6631.00; 1464169717.20
8507.00; 5530.00; 5027.00; 6628.00; 1464169717.20
8507.00; 5530.00; 5027.00; 6628.00; 1464169717.22
8502.00; 5531.00; 5024.00; 6635.00; 1464169717.22
8502.00; 5531.00; 5024.00; 6635.00; 1464169717.24
8503.00; 5527.00; 5033.00; 6630.00; 1464169717.24
8493.00; 5530.00; 5027.00; 6632.00; 1464169717.26
8493.00; 5530.00; 5027.00; 6632.00; 1464169717.26
8500.00; 5527.00; 5031.00; 6631.00; 1464169717.28
8502.00; 5528.00; 5024.00; 6631.00; 1464169717.28
8502.00; 5528.00; 5024.00; 6631.00; 1464169717.30
8500.00; 5531.00; 5030.00; 6631.00; 1464169717.30
8500.00; 5531.00; 5030.00; 6631.00; 1464169717.32
8502.00; 5535.00; 5028.00; 6630.00; 1464169717.32
8496.00; 5531.00; 5028.00; 6635.00; 1464169717.34
8496.00; 5531.00; 5028.00; 6635.00; 1464169717.34
8496.00; 5531.00; 5025.00; 6637.00; 1464169717.36
8496.00; 5531.00; 5025.00; 6637.00; 1464169717.36
8496.00; 5525.00; 5024.00; 6632.00; 1464169717.38
8497.00; 5533.00; 5016.00; 6629.00; 1464169717.38
8497.00; 5533.00; 5016.00; 6629.00; 1464169717.40
8499.00; 5538.00; 5029.00; 6633.00; 1464169717.40
8503.00; 5529.00; 5028.00; 6635.00; 1464169717.42
8503.00; 5529.00; 5028.00; 6635.00; 1464169717.42
8495.00; 5527.00; 5031.00; 6633.00; 1464169717.44
8495.00; 5527.00; 5031.00; 6633.00; 1464169717.45
8502.00; 5526.00; 5027.00; 6631.00; 1464169717.45
8500.00; 5540.00; 5030.00; 6623.00; 1464169717.46
8500.00; 5540.00; 5030.00; 6623.00; 1464169717.48
8500.00; 5530.00; 5028.00; 6633.00; 1464169717.48
8499.00; 5531.00; 5032.00; 6637.00; 1464169717.50
8499.00; 5531.00; 5032.00; 6637.00; 1464169717.50
8496.00; 5521.00; 5031.00; 6635.00; 1464169717.52
8496.00; 5521.00; 5031.00; 6635.00; 1464169717.52
8501.00; 5529.00; 5026.00; 6634.00; 1464169717.54
8499.00; 5532.00; 5028.00; 6639.00; 1464169717.54
8499.00; 5532.00; 5028.00; 6639.00; 1464169717.56
8506.00; 5539.00; 5023.00; 6628.00; 1464169717.56
8500.00; 5534.00; 5031.00; 6631.00; 1464169717.58
8500.00; 5534.00; 5031.00; 6631.00; 1464169717.58
8503.00; 5528.00; 5032.00; 6635.00; 1464169717.60
8503.00; 5528.00; 5032.00; 6635.00; 1464169717.60
8493.00; 5528.00; 5030.00; 6629.00; 1464169717.62
8499.00; 5525.00; 5024.00; 6631.00; 1464169717.62
8499.00; 5525.00; 5024.00; 6631.00; 1464169717.64
8497.00; 5535.00; 5022.00; 6627.00; 1464169717.64
8497.00; 5535.00; 5022.00; 6627.00; 1464169717.66
8504.00; 5529.00; 5028.00; 6633.00; 1464169717.66
8498.00; 5535.00; 5031.00; 6640.00; 1464169717.68
8498.00; 5535.00; 5031.00; 6640.00; 1464169717.68
8497.00; 5525.00; 5022.00; 6629.00; 1464169717.70
8496.00; 5522.00; 5028.00; 6628.00; 1464169717.70
8496.00; 5522.00; 5028.00; 6628.00; 1464169717.72
8494.00; 5534.00; 5027.00; 6631.00; 1464169717.72
8494.00; 5534.00; 5027.00; 6631.00; 1464169717.74
8501.00; 5531.00; 5028.00; 6630.00; 1464169717.74
8499.00; 5527.00; 5024.00; 6632.00; 1464169717.76
8499.00; 5527.00; 5024.00; 6632.00; 1464169717.76
8500.00; 5527.00; 5029.00; 6634.00; 1464169717.78
8500.00; 5527.00; 5029.00; 6634.00; 1464169717.78
8503.00; 5533.00; 5025.00; 6633.00; 1464169717.80
8501.00; 5529.00; 5028.00; 6627.00; 1464169717.80
8501.00; 5529.00; 5028.00; 6627.00; 1464169717.82
8505.00; 5532.00; 5021.00; 6633.00; 1464169717.82
8498.00; 5528.00; 5025.00; 6638.00; 1464169717.84
8498.00; 5528.00; 5025.00; 6638.00; 1464169717.84
8496.00; 5534.00; 5029.00; 6628.00; 1464169717.86
8496.00; 5534.00; 5029.00; 6628.00; 1464169717.86
8502.00; 5525.00; 5027.00; 6632.00; 1464169717.88
8500.00; 5533.00; 5025.00; 6631.00; 1464169717.88
8500.00; 5533.00; 5025.00; 6631.00; 1464169717.90
8494.00; 5532.00; 5025.00; 6632.00; 1464169717.90
8502.00; 5527.00; 5027.00; 6630.00; 1464169717.92
8502.00; 5527.00; 5027.00; 6630.00; 1464169717.92
8500.00; 5529.00; 5030.00; 6633.00; 1464169717.94
8500.00; 5529.00; 5030.00; 6633.00; 1464169717.94
8497.00; 5524.00; 5026.00; 6629.00; 1464169717.96
8497.00; 5533.00; 5026.00; 6634.00; 1464169717.96
8497.00; 5533.00; 5026.00; 6634.00; 1464169717.98
8500.00; 5529.00; 5024.00; 6626.00; 1464169717.98
8500.00; 5530.00; 5033.00; 6629.00; 1464169718.00
8500.00; 5530.00; 5033.00; 6629.00; 1464169718.00
8499.00; 5530.00; 5027.00; 6631.00; 1464169718.02
8499.00; 5530.00; 5027.00; 6631.00; 1464169718.02
8499.00; 5528.00; 5031.00; 6636.00; 1464169718.04
8496.00; 5529.00; 5027.00; 6631.00; 1464169718.04
8496.00; 5529.00; 5027.00; 6631.00; 1464169718.06
8499.00; 5535.00; 5031.00; 6632.00; 1464169718.06
8499.00; 5535.00; 5031.00; 6632.00; 1464169718.08
8495.00; 5531.00; 5026.00; 6628.00; 1464169718.08
8505.00; 5531.00; 5036.00; 6633.00; 1464169718.10
8505.00; 5531.00; 5036.00; 6633.00; 1464169718.10
8499.00; 5530.00; 5028.00; 6634.00; 1464169718.12
8493.00; 5527.00; 5031.00; 6630.00; 1464169718.12
8493.00; 5527.00; 5031.00; 6630.00; 1464169718.14
8497.00; 5533.00; 5028.00; 6635.00; 1464169718.14
8497.00; 5533.00; 5028.00; 6635.00; 1464169718.16
8501.00; 5530.00; 5031.00; 6634.00; 1464169718.16
8503.00; 5532.00; 5022.00; 6637.00; 1464169718.18
8503.00; 5532.00; 5022.00; 6637.00; 1464169718.18
8498.00; 5520.00; 5028.00; 6634.00; 1464169718.20
8498.00; 5520.00; 5028.00; 6634.00; 1464169718.20
8500.00; 5533.00; 5027.00; 6631.00; 1464169718.22
8499.00; 5524.00; 5027.00; 6632.00; 1464169718.22
8499.00; 5524.00; 5027.00; 6632.00; 1464169718.24
8503.00; 5529.00; 5026.00; 6629.00; 1464169718.24
8502.00; 5530.00; 5028.00; 6630.00; 1464169718.26
8502.00; 5530.00; 5028.00; 6630.00; 1464169718.26
8498.00; 5528.00; 5031.00; 6634.00; 1464169718.28
8498.00; 5528.00; 5031.00; 6634.00; 1464169718.28
8496.00; 5524.00; 5026.00; 6633.00; 1464169718.30
8499.00; 5529.00; 5027.00; 6628.00; 1464169718.30
8499.00; 5529.00; 5027.00; 6628.00; 1464169718.32
8501.00; 5531.00; 5030.00; 6637.00; 1464169718.32
8498.00; 5535.00; 5025.00; 6631.00; 1464169718.34
8498.00; 5535.00; 5025.00; 6631.00; 1464169718.34
8493.00; 5527.00; 5030.00; 6636.00; 1464169718.36
8493.00; 5527.00; 5030.00; 6636.00; 1464169718.36
8497.00; 5524.00; 5024.00; 6633.00; 1464169718.38
8504.00; 5524.00; 5026.00; 6630.00; 1464169718.38
8504.00; 5524.00; 5026.00; 6630.00; 1464169718.40
8505.00; 5532.00; 5028.00; 6626.00; 1464169718.40
8505.00; 5532.00; 5028.00; 6626.00; 1464169718.42
8496.00; 5526.00; 5029.00; 6630.00; 1464169718.42
8493.00; 5530.00; 5028.00; 6635.00; 1464169718.44
8493.00; 5530.00; 5028.00; 6635.00; 1464169718.44
8496.00; 5532.00; 5030.00; 6630.00; 1464169718.46
8503.00; 5532.00; 5027.00; 6627.00; 1464169718.46
8503.00; 5532.00; 5027.00; 6627.00; 1464169718.48
8497.00; 5528.00; 5023.00; 6629.00; 1464169718.48
8497.00; 5528.00; 5023.00; 6629.00; 1464169718.50
8495.00; 5535.00; 5019.00; 6632.00; 1464169718.50
8506.00; 5527.00; 5031.00; 6634.00; 1464169718.52
8506.00; 5527.00; 5031.00; 6634.00; 1464169718.52
8495.00; 5528.00; 5027.00; 6630.00; 1464169718.54
8495.00; 5528.00; 5027.00; 6630.00; 1464169718.54
8496.00; 5534.00; 5026.00; 6631.00; 1464169718.56
8499.00; 5532.00; 5027.00; 6623.00; 1464169718.56
8499.00; 5532.00; 5027.00; 6623.00; 1464169718.58
8501.00; 5528.00; 5028.00; 6630.00; 1464169718.58
8500.00; 5526.00; 5030.00; 6634.00; 1464169718.60
8500.00; 5526.00; 5030.00; 6634.00; 1464169718.60
8504.00; 5535.00; 5026.00; 6632.00; 1464169718.62
8504.00; 5535.00; 5026.00; 6632.00; 1464169718.62
8499.00; 5524.00; 5029.00; 6626.00; 1464169718.64
8495.00; 5528.00; 5034.00; 6630.00; 1464169718.64
8495.00; 5528.00; 5034.00; 6630.00; 1464169718.66
8503.00; 5533.00; 5032.00; 6633.00; 1464169718.66
8501.00; 5528.00; 5033.00; 6627.00; 1464169718.68
8501.00; 5528.00; 5033.00; 6627.00; 1464169718.68
8498.00; 5522.00; 5030.00; 6635.00; 1464169718.69
8498.00; 5522.00; 5030.00; 6635.00; 1464169718.71
8501.00; 5528.00; 5029.00; 6626.00; 1464169718.71
8500.00; 5527.00; 5032.00; 6634.00; 1464169718.73
8500.00; 5527.00; 5032.00; 6634.00; 1464169718.73
8501.00; 5531.00; 5024.00; 6626.00; 1464169718.75
8498.00; 5528.00; 5021.00; 6630.00; 1464169718.75
8498.00; 5528.00; 5021.00; 6630.00; 1464169718.76
8500.00; 5532.00; 5028.00; 6634.00; 1464169718.78
8500.00; 5532.00; 5028.00; 6634.00; 1464169718.78
8494.00; 5527.00; 5026.00; 6633.00; 1464169718.79
8500.00; 5523.00; 5029.00; 6631.00; 1464169718.81
8500.00; 5523.00; 5029.00; 6631.00; 1464169718.81
8497.00; 5530.00; 5030.00; 6630.00; 1464169718.83
8497.00; 5530.00; 5027.00; 6630.00; 1464169718.83
8500.00; 5534.00; 5027.00; 6633.00; 1464169718.85
8497.00; 5535.00; 5032.00; 6628.00; 1464169718.85
8497.00; 5535.00; 5032.00; 6628.00; 1464169718.87
8496.00; 5527.00; 5030.00; 6632.00; 1464169718.87
8498.00; 5528.00; 5029.00; 6635.00; 1464169718.89
8498.00; 5528.00; 5029.00; 6635.00; 1464169718.89
8499.00; 5524.00; 5027.00; 6627.00; 1464169718.91
8499.00; 5524.00; 5027.00; 6627.00; 1464169718.91
8499.00; 5532.00; 5022.00; 6625.00; 1464169718.93
8503.00; 5533.00; 5030.00; 6634.00; 1464169718.94
8503.00; 5533.00; 5030.00; 6634.00; 1464169718.95
8501.00; 5532.00; 5024.00; 6631.00; 1464169718.95
8500.00; 5527.00; 5028.00; 6633.00; 1464169718.97
8500.00; 5527.00; 5028.00; 6633.00; 1464169718.97
8499.00; 5526.00; 5027.00; 6633.00; 1464169718.99
8499.00; 5526.00; 5027.00; 6633.00; 1464169718.99
8497.00; 5532.00; 5028.00; 6631.00; 1464169719.01
8504.00; 5533.00; 5021.00; 6633.00; 1464169719.01
8504.00; 5533.00; 5021.00; 6633.00; 1464169719.03
8500.00; 5529.00; 5023.00; 6633.00; 1464169719.05
8494.00; 5528.00; 5029.00; 6629.00; 1464169719.05
8494.00; 5528.00; 5029.00; 6629.00; 1464169719.06
8498.00; 5529.00; 5030.00; 6630.00; 1464169719.07
8498.00; 5529.00; 5030.00; 6630.00; 1464169719.08
8499.00; 5533.00; 5029.00; 6628.00; 1464169719.09
8498.00; 5536.00; 5025.00; 6635.00; 1464169719.10
8498.00; 5536.00; 5025.00; 6635.00; 1464169719.11
8494.00; 5532.00; 5027.00; 6632.00; 1464169719.12
8495.00; 5536.00; 5026.00; 6632.00; 1464169719.13
8495.00; 5536.00; 5026.00; 6632.00; 1464169719.14
8497.00; 5532.00; 5031.00; 6630.00; 1464169719.15
8497.00; 5532.00; 5031.00; 6630.00; 1464169719.16
8499.00; 5531.00; 5027.00; 6637.00; 1464169719.17
8498.00; 5529.00; 5027.00; 6631.00; 1464169719.18
8498.00; 5529.00; 5027.00; 6631.00; 1464169719.19
8496.00; 5530.00; 5033.00; 6634.00; 1464169719.20
8496.00; 5530.00; 5033.00; 6634.00; 1464169719.21
8497.00; 5526.00; 5026.00; 6633.00; 1464169719.22
8501.00; 5526.00; 5029.00; 6631.00; 1464169719.23
8501.00; 5526.00; 5029.00; 6631.00; 1464169719.24
8500.00; 5535.00; 5028.00; 6630.00; 1464169719.25
8498.00; 5534.00; 5034.00; 6633.00; 1464169719.26
8498.00; 5534.00; 5034.00; 6633.00; 1464169719.27
8505.00; 5528.00; 5026.00; 6635.00; 1464169719.28
8505.00; 5528.00; 5026.00; 6635.00; 1464169719.29
8501.00; 5523.00; 5031.00; 6631.00; 1464169719.30
8498.00; 5529.00; 5034.00; 6630.00; 1464169719.31
8498.00; 5529.00; 5034.00; 6630.00; 1464169719.32
8499.00; 5528.00; 5030.00; 6626.00; 1464169719.33
8500.00; 5529.00; 5039.00; 6633.00; 1464169719.34
8500.00; 5529.00; 5039.00; 6633.00; 1464169719.35
8503.00; 5531.00; 5039.00; 6636.00; 1464169719.36
8503.00; 5531.00; 5039.00; 6636.00; 1464169719.37
8497.00; 5530.00; 5056.00; 6642.00; 1464169719.38
8503.00; 5523.00; 5082.00; 6641.00; 1464169719.39
8503.00; 5523.00; 5082.00; 6641.00; 1464169719.40
8506.00; 5521.00; 5084.00; 6639.00; 1464169719.41
8506.00; 5521.00; 5084.00; 6639.00; 1464169719.42
8510.00; 5523.00; 5097.00; 6637.00; 1464169719.43
8512.00; 5522.00; 5142.00; 6643.00; 1464169719.44
8512.00; 5522.00; 5142.00; 6643.00; 1464169719.45
8519.00; 5520.00; 5194.00; 6649.00; 1464169719.46
8525.00; 5521.00; 5234.00; 6653.00; 1464169719.47
8525.00; 5521.00; 5234.00; 6653.00; 1464169719.48
8532.00; 5522.00; 5271.00; 6656.00; 1464169719.49
8532.00; 5522.00; 5271.00; 6656.00; 1464169719.50
8532.00; 5517.00; 5309.00; 6658.00; 1464169719.51
8533.00; 5518.00; 5371.00; 6667.00; 1464169719.52
8533.00; 5518.00; 5371.00; 6667.00; 1464169719.53
8542.00; 5518.00; 5424.00; 6668.00; 1464169719.54
8542.00; 5518.00; 5424.00; 6668.00; 1464169719.55
8552.00; 5507.00; 5469.00; 6670.00; 1464169719.56
8555.00; 5515.00; 5526.00; 6682.00; 1464169719.57
8555.00; 5515.00; 5526.00; 6682.00; 1464169719.58
8565.00; 5505.00; 5604.00; 6678.00; 1464169719.59
8570.00; 5509.00; 5664.00; 6686.00; 1464169719.60
8570.00; 5509.00; 5664.00; 6686.00; 1464169719.61
8574.00; 5503.00; 5716.00; 6690.00; 1464169719.62
8574.00; 5503.00; 5716.00; 6690.00; 1464169719.63
8573.00; 5502.00; 5773.00; 6701.00; 1464169719.64
8583.00; 5496.00; 5830.00; 6696.00; 1464169719.65
8583.00; 5496.00; 5830.00; 6696.00; 1464169719.66
8598.00; 5500.00; 5881.00; 6702.00; 1464169719.67
8596.00; 5496.00; 5935.00; 6704.00; 1464169719.68
8596.00; 5496.00; 5935.00; 6704.00; 1464169719.69
8595.00; 5500.00; 5973.00; 6711.00; 1464169719.70
8595.00; 5500.00; 5973.00; 6711.00; 1464169719.71
8598.00; 5494.00; 6019.00; 6711.00; 1464169719.72
8596.00; 5499.00; 6060.00; 6717.00; 1464169719.73
8596.00; 5499.00; 6060.00; 6717.00; 1464169719.74
8603.00; 5496.00; 6108.00; 6720.00; 1464169719.75
8610.00; 5498.00; 6155.00; 6717.00; 1464169719.76
8610.00; 5498.00; 6155.00; 6717.00; 1464169719.77
8610.00; 5497.00; 6210.00; 6718.00; 1464169719.78
8610.00; 5497.00; 6210.00; 6718.00; 1464169719.79
8608.00; 5500.00; 6243.00; 6725.00; 1464169719.80
8614.00; 5492.00; 6285.00; 6732.00; 1464169719.81
8614.00; 5492.00; 6285.00; 6732.00; 1464169719.82
8619.00; 5491.00; 6323.00; 6725.00; 1464169719.84
8625.00; 5494.00; 6364.00; 6734.00; 1464169719.84
8625.00; 5494.00; 6364.00; 6734.00; 1464169719.86
8627.00; 5497.00; 6381.00; 6732.00; 1464169719.86
8627.00; 5497.00; 6381.00; 6732.00; 1464169719.88
8622.00; 5493.00; 6385.00; 6740.00; 1464169719.88
8621.00; 5484.00; 6405.00; 6742.00; 1464169719.90
8621.00; 5484.00; 6405.00; 6742.00; 1464169719.90
8626.00; 5491.00; 6424.00; 6738.00; 1464169719.92
8624.00; 5487.00; 6438.00; 6747.00; 1464169719.92
8624.00; 5487.00; 6438.00; 6747.00; 1464169719.94
8626.00; 5489.00; 6444.00; 6748.00; 1464169719.94
8626.00; 5489.00; 6444.00; 6748.00; 1464169719.96
8622.00; 5497.00; 6478.00; 6751.00; 1464169719.96
8627.00; 5485.00; 6534.00; 6759.00; 1464169719.98
8627.00; 5485.00; 6534.00; 6759.00; 1464169719.98
8622.00; 5483.00; 6571.00; 6758.00; 1464169720.00
8618.00; 5493.00; 6592.00; 6764.00; 1464169720.01
8618.00; 5493.00; 6592.00; 6764.00; 1464169720.01
8632.00; 5487.00; 6627.00; 6764.00; 1464169720.02
8632.00; 5487.00; 6627.00; 6764.00; 1464169720.04
8632.00; 5488.00; 6639.00; 6767.00; 1464169720.04
8627.00; 5480.00; 6654.00; 6766.00; 1464169720.06
8627.00; 5480.00; 6654.00; 6766.00; 1464169720.06
8631.00; 5482.00; 6658.00; 6767.00; 1464169720.08
8626.00; 5488.00; 6673.00; 6773.00; 1464169720.08
8626.00; 5488.00; 6673.00; 6773.00; 1464169720.10
8628.00; 5488.00; 6671.00; 6773.00; 1464169720.10
8628.00; 5488.00; 6671.00; 6773.00; 1464169720.12
8624.00; 5487.00; 6665.00; 6769.00; 1464169720.12
8623.00; 5484.00; 6664.00; 6768.00; 1464169720.14
8623.00; 5484.00; 6664.00; 6768.00; 1464169720.14
8618.00; 5485.00; 6692.00; 6771.00; 1464169720.16
8626.00; 5491.00; 6703.00; 6765.00; 1464169720.16
8626.00; 5491.00; 6703.00; 6765.00; 1464169720.18
8620.00; 5487.00; 6698.00; 6770.00; 1464169720.18
8620.00; 5487.00; 6698.00; 6770.00; 1464169720.20
8619.00; 5490.00; 6702.00; 6767.00; 1464169720.20
8621.00; 5487.00; 6716.00; 6768.00; 1464169720.22
8621.00; 5487.00; 6716.00; 6768.00; 1464169720.22
8617.00; 5482.00; 6704.00; 6764.00; 1464169720.24
8617.00; 5482.00; 6704.00; 6764.00; 1464169720.24
8621.00; 5483.00; 6669.00; 6764.00; 1464169720.26
8612.00; 5491.00; 6637.00; 6757.00; 1464169720.26
8612.00; 5491.00; 6637.00; 6757.00; 1464169720.28
8618.00; 5488.00; 6638.00; 6761.00; 1464169720.28
8622.00; 5487.00; 6633.00; 6766.00; 1464169720.30
8622.00; 5487.00; 6633.00; 6766.00; 1464169720.30
8612.00; 5486.00; 6616.00; 6764.00; 1464169720.32
8612.00; 5486.00; 6616.00; 6764.00; 1464169720.32
8609.00; 5486.00; 6609.00; 6760.00; 1464169720.34
8608.00; 5485.00; 6597.00; 6753.00; 1464169720.34
8608.00; 5485.00; 6597.00; 6753.00; 1464169720.36
8614.00; 5489.00; 6609.00; 6752.00; 1464169720.36
8609.00; 5492.00; 6641.00; 6766.00; 1464169720.38
8609.00; 5492.00; 6641.00; 6766.00; 1464169720.38
8612.00; 5484.00; 6658.00; 6765.00; 1464169720.40
8612.00; 5484.00; 6658.00; 6765.00; 1464169720.40
8616.00; 5489.00; 6653.00; 6763.00; 1464169720.42
8607.00; 5487.00; 6634.00; 6765.00; 1464169720.42
8607.00; 5487.00; 6634.00; 6765.00; 1464169720.44
8614.00; 5488.00; 6638.00; 6763.00; 1464169720.44
8614.00; 5488.00; 6638.00; 6763.00; 1464169720.46
8621.00; 5486.00; 6664.00; 6763.00; 1464169720.46
8612.00; 5485.00; 6688.00; 6772.00; 1464169720.48
8612.00; 5485.00; 6688.00; 6772.00; 1464169720.48
8613.00; 5486.00; 6682.00; 6767.00; 1464169720.50
8605.00; 5484.00; 6691.00; 6762.00; 1464169720.50
8605.00; 5484.00; 6691.00; 6762.00; 1464169720.52
8614.00; 5484.00; 6708.00; 6772.00; 1464169720.52
8614.00; 5484.00; 6708.00; 6772.00; 1464169720.54
8616.00; 5489.00; 6719.00; 6768.00; 1464169720.54
8612.00; 5479.00; 6726.00; 6772.00; 1464169720.56
8612.00; 5479.00; 6726.00; 6772.00; 1464169720.56
8613.00; 5482.00; 6750.00; 6776.00; 1464169720.58
8613.00; 5482.00; 6750.00; 6776.00; 1464169720.58
8621.00; 5484.00; 6753.00; 6776.00; 1464169720.60
8619.00; 5491.00; 6739.00; 6769.00; 1464169720.60
8619.00; 5491.00; 6739.00; 6769.00; 1464169720.62
8624.00; 5494.00; 6750.00; 6775.00; 1464169720.62
8629.00; 5486.00; 6772.00; 6776.00; 1464169720.64
8629.00; 5486.00; 6772.00; 6776.00; 1464169720.64
8628.00; 5487.00; 6792.00; 6784.00; 1464169720.66
8628.00; 5487.00; 6792.00; 6784.00; 1464169720.66
8630.00; 5483.00; 6784.00; 6778.00; 1464169720.68
8633.00; 5483.00; 6788.00; 6773.00; 1464169720.68
8633.00; 5483.00; 6788.00; 6773.00; 1464169720.70
8634.00; 5493.00; 6799.00; 6774.00; 1464169720.70
8629.00; 5491.00; 6807.00; 6783.00; 1464169720.72
8629.00; 5491.00; 6807.00; 6783.00; 1464169720.72
8623.00; 5481.00; 6793.00; 6782.00; 1464169720.74
8623.00; 5481.00; 6793.00; 6782.00; 1464169720.74
8618.00; 5482.00; 6766.00; 6784.00; 1464169720.76
8625.00; 5486.00; 6772.00; 6773.00; 1464169720.76
8625.00; 5486.00; 6772.00; 6773.00; 1464169720.78
8634.00; 5492.00; 6801.00; 6777.00; 1464169720.78
8634.00; 5492.00; 6801.00; 6777.00; 1464169720.80
8638.00; 5493.00; 6810.00; 6782.00; 1464169720.80
8629.00; 5489.00; 6799.00; 6783.00; 1464169720.82
8629.00; 5489.00; 6799.00; 6783.00; 1464169720.82
8627.00; 5488.00; 6802.00; 6780.00; 1464169720.84
8626.00; 5486.00; 6794.00; 6779.00; 1464169720.84
8626.00; 5486.00; 6794.00; 6779.00; 1464169720.86
8632.00; 5489.00; 6789.00; 6776.00; 1464169720.86
8632.00; 5489.00; 6789.00; 6776.00; 1464169720.88
8633.00; 5489.00; 6784.00; 6781.00; 1464169720.88
8631.00; 5484.00; 6800.00; 6782.00; 1464169720.90
8631.00; 5484.00; 6800.00; 6782.00; 1464169720.90
8636.00; 5482.00; 6816.00; 6783.00; 1464169720.92
8627.00; 5490.00; 6809.00; 6782.00; 1464169720.92
8627.00; 5490.00; 6809.00; 6782.00; 1464169720.94
8636.00; 5488.00; 6798.00; 6778.00; 1464169720.94
8636.00; 5488.00; 6798.00; 6778.00; 1464169720.96
8628.00; 5490.00; 6804.00; 6784.00; 1464169720.96
8631.00; 5489.00; 6806.00; 6786.00; 1464169720.98
8631.00; 5489.00; 6806.00; 6786.00; 1464169720.98
8626.00; 5486.00; 6810.00; 6783.00; 1464169721.00
8626.00; 5483.00; 6801.00; 6786.00; 1464169721.00
8626.00; 5483.00; 6801.00; 6786.00; 1464169721.02
8632.00; 5484.00; 6808.00; 6781.00; 1464169721.02
8632.00; 5484.00; 6808.00; 6781.00; 1464169721.04
8640.00; 5495.00; 6820.00; 6781.00; 1464169721.04
8637.00; 5491.00; 6830.00; 6780.00; 1464169721.06
8637.00; 5491.00; 6830.00; 6780.00; 1464169721.06
8644.00; 5485.00; 6832.00; 6785.00; 1464169721.08
8644.00; 5485.00; 6832.00; 6785.00; 1464169721.08
8645.00; 5488.00; 6822.00; 6775.00; 1464169721.10
8651.00; 5491.00; 6816.00; 6775.00; 1464169721.10
8651.00; 5491.00; 6816.00; 6775.00; 1464169721.12
8650.00; 5498.00; 6826.00; 6772.00; 1464169721.12
8658.00; 5490.00; 6833.00; 6774.00; 1464169721.14
8658.00; 5490.00; 6833.00; 6774.00; 1464169721.14
8651.00; 5490.00; 6817.00; 6778.00; 1464169721.16
8651.00; 5490.00; 6817.00; 6778.00; 1464169721.16
8654.00; 5488.00; 6818.00; 6772.00; 1464169721.18
8654.00; 5492.00; 6815.00; 6769.00; 1464169721.18
8654.00; 5492.00; 6815.00; 6769.00; 1464169721.20
8653.00; 5492.00; 6820.00; 6778.00; 1464169721.20
8653.00; 5492.00; 6820.00; 6778.00; 1464169721.22
8655.00; 5492.00; 6800.00; 6779.00; 1464169721.22
8658.00; 5491.00; 6800.00; 6777.00; 1464169721.24
8658.00; 5491.00; 6800.00; 6777.00; 1464169721.24
8645.00; 5493.00; 6807.00; 6774.00; 1464169721.26
8643.00; 5494.00; 6795.00; 6772.00; 1464169721.26
8643.00; 5494.00; 6795.00; 6772.00; 1464169721.29
8647.00; 5499.00; 6775.00; 6770.00; 1464169721.29
8647.00; 5499.00; 6775.00; 6770.00; 1464169721.29
8648.00; 5499.00; 6771.00; 6774.00; 1464169721.31
8641.00; 5493.00; 6768.00; 6776.00; 1464169721.31
8641.00; 5493.00; 6768.00; 6776.00; 1464169721.33
8638.00; 5490.00; 6780.00; 6780.00; 1464169721.34
8636.00; 5496.00; 6773.00; 6778.00; 1464169721.35
8636.00; 5496.00; 6773.00; 6778.00; 1464169721.35
8642.00; 5489.00; 6759.00; 6776.00; 1464169721.37
8642.00; 5489.00; 6759.00; 6776.00; 1464169721.37
8639.00; 5496.00; 6756.00; 6766.00; 1464169721.39
8636.00; 5496.00; 6761.00; 6772.00; 1464169721.39
8636.00; 5496.00; 6761.00; 6772.00; 1464169721.41
8639.00; 5496.00; 6772.00; 6777.00; 1464169721.41
8637.00; 5491.00; 6777.00; 6777.00; 1464169721.43
8637.00; 5491.00; 6777.00; 6777.00; 1464169721.43
8639.00; 5496.00; 6770.00; 6776.00; 1464169721.45
8639.00; 5496.00; 6770.00; 6776.00; 1464169721.45
8640.00; 5491.00; 6763.00; 6777.00; 1464169721.47
8645.00; 5491.00; 6760.00; 6775.00; 1464169721.47
8645.00; 5491.00; 6760.00; 6775.00; 1464169721.49
8641.00; 5491.00; 6773.00; 6773.00; 1464169721.49
8641.00; 5491.00; 6773.00; 6773.00; 1464169721.51
8643.00; 5488.00; 6785.00; 6776.00; 1464169721.51
8645.00; 5498.00; 6796.00; 6773.00; 1464169721.53
8645.00; 5498.00; 6796.00; 6773.00; 1464169721.53
8648.00; 5493.00; 6786.00; 6777.00; 1464169721.55
8657.00; 5494.00; 6779.00; 6774.00; 1464169721.55
8657.00; 5494.00; 6779.00; 6774.00; 1464169721.57
8651.00; 5491.00; 6778.00; 6772.00; 1464169721.57
8651.00; 5491.00; 6778.00; 6772.00; 1464169721.59
8653.00; 5491.00; 6795.00; 6777.00; 1464169721.59
8652.00; 5487.00; 6785.00; 6773.00; 1464169721.61
8652.00; 5487.00; 6785.00; 6773.00; 1464169721.62
8655.00; 5497.00; 6777.00; 6767.00; 1464169721.63
8655.00; 5497.00; 6777.00; 6767.00; 1464169721.63
8660.00; 5497.00; 6787.00; 6774.00; 1464169721.65
8659.00; 5494.00; 6783.00; 6768.00; 1464169721.65
8659.00; 5494.00; 6783.00; 6768.00; 1464169721.67
8660.00; 5484.00; 6772.00; 6770.00; 1464169721.67
8655.00; 5491.00; 6750.00; 6768.00; 1464169721.69
8655.00; 5491.00; 6750.00; 6768.00; 1464169721.69
8653.00; 5493.00; 6749.00; 6765.00; 1464169721.71
8653.00; 5493.00; 6749.00; 6765.00; 1464169721.71
8656.00; 5496.00; 6749.00; 6770.00; 1464169721.73
8657.00; 5491.00; 6728.00; 6769.00; 1464169721.73
8657.00; 5491.00; 6728.00; 6769.00; 1464169721.75
8651.00; 5492.00; 6722.00; 6765.00; 1464169721.75
8651.00; 5486.00; 6727.00; 6764.00; 1464169721.77
8651.00; 5486.00; 6727.00; 6764.00; 1464169721.77
8651.00; 5489.00; 6715.00; 6759.00; 1464169721.79
8651.00; 5489.00; 6715.00; 6759.00; 1464169721.79
8660.00; 5491.00; 6718.00; 6757.00; 1464169721.81
8662.00; 5489.00; 6722.00; 6759.00; 1464169721.81
8662.00; 5489.00; 6722.00; 6759.00; 1464169721.83
8665.00; 5495.00; 6733.00; 6762.00; 1464169721.83
8665.00; 5495.00; 6733.00; 6762.00; 1464169721.85
8654.00; 5497.00; 6724.00; 6763.00; 1464169721.85
8661.00; 5488.00; 6695.00; 6760.00; 1464169721.87
8661.00; 5488.00; 6695.00; 6760.00; 1464169721.88
8652.00; 5490.00; 6697.00; 6760.00; 1464169721.89
8662.00; 5497.00; 6708.00; 6759.00; 1464169721.90
8662.00; 5497.00; 6708.00; 6759.00; 1464169721.91
8660.00; 5494.00; 6716.00; 6765.00; 1464169721.92
8659.00; 5491.00; 6709.00; 6764.00; 1464169721.93
8659.00; 5491.00; 6709.00; 6764.00; 1464169721.94
8653.00; 5494.00; 6707.00; 6761.00; 1464169721.95
8653.00; 5494.00; 6707.00; 6761.00; 1464169721.96
8648.00; 5494.00; 6696.00; 6759.00; 1464169721.97
8654.00; 5493.00; 6678.00; 6760.00; 1464169721.98
8654.00; 5493.00; 6678.00; 6760.00; 1464169722.00
8656.00; 5492.00; 6674.00; 6761.00; 1464169722.00
8647.00; 5491.00; 6667.00; 6756.00; 1464169722.02
8647.00; 5491.00; 6667.00; 6756.00; 1464169722.02
8648.00; 5491.00; 6670.00; 6758.00; 1464169722.04
8648.00; 5491.00; 6670.00; 6758.00; 1464169722.04
8650.00; 5499.00; 6666.00; 6752.00; 1464169722.06
8650.00; 5494.00; 6654.00; 6757.00; 1464169722.06
8650.00; 5494.00; 6654.00; 6757.00; 1464169722.08
8659.00; 5499.00; 6643.00; 6757.00; 1464169722.08
8648.00; 5500.00; 6642.00; 6758.00; 1464169722.10
8648.00; 5500.00; 6642.00; 6758.00; 1464169722.10
8646.00; 5490.00; 6653.00; 6752.00; 1464169722.12
8646.00; 5490.00; 6653.00; 6752.00; 1464169722.12
8649.00; 5499.00; 6652.00; 6756.00; 1464169722.14
8658.00; 5500.00; 6636.00; 6755.00; 1464169722.14
8658.00; 5500.00; 6636.00; 6755.00; 1464169722.16
8651.00; 5508.00; 6621.00; 6756.00; 1464169722.16
8651.00; 5508.00; 6621.00; 6756.00; 1464169722.18
8645.00; 5491.00; 6621.00; 6758.00; 1464169722.18
8648.00; 5499.00; 6627.00; 6758.00; 1464169722.20
8648.00; 5499.00; 6627.00; 6758.00; 1464169722.20
8645.00; 5496.00; 6622.00; 6754.00; 1464169722.22
8653.00; 5503.00; 6612.00; 6754.00; 1464169722.22
8653.00; 5503.00; 6612.00; 6754.00; 1464169722.24
8649.00; 5505.00; 6616.00; 6754.00; 1464169722.24
8649.00; 5505.00; 6616.00; 6754.00; 1464169722.26
8645.00; 5499.00; 6610.00; 6751.00; 1464169722.26
8646.00; 5488.00; 6616.00; 6752.00; 1464169722.28
8646.00; 5488.00; 6616.00; 6752.00; 1464169722.28
8651.00; 5496.00; 6632.00; 6753.00; 1464169722.30
8651.00; 5496.00; 6632.00; 6753.00; 1464169722.30
8648.00; 5497.00; 6629.00; 6756.00; 1464169722.32
8648.00; 5497.00; 6623.00; 6755.00; 1464169722.32
8648.00; 5497.00; 6623.00; 6755.00; 1464169722.34
8640.00; 5492.00; 6623.00; 6755.00; 1464169722.34
8640.00; 5493.00; 6637.00; 6755.00; 1464169722.36
8640.00; 5493.00; 6637.00; 6755.00; 1464169722.36
8638.00; 5490.00; 6621.00; 6754.00; 1464169722.38
8638.00; 5490.00; 6621.00; 6754.00; 1464169722.38
8630.00; 5487.00; 6608.00; 6749.00; 1464169722.40
8638.00; 5498.00; 6607.00; 6757.00; 1464169722.40
8638.00; 5498.00; 6607.00; 6757.00; 1464169722.42
8632.00; 5501.00; 6612.00; 6762.00; 1464169722.42
8630.00; 5496.00; 6619.00; 6753.00; 1464169722.44
8630.00; 5496.00; 6619.00; 6753.00; 1464169722.44
8629.00; 5493.00; 6611.00; 6763.00; 1464169722.46
8629.00; 5493.00; 6611.00; 6763.00; 1464169722.46
8635.00; 5494.00; 6607.00; 6752.00; 1464169722.48
8636.00; 5494.00; 6591.00; 6757.00; 1464169722.48
8636.00; 5494.00; 6591.00; 6757.00; 1464169722.50
8637.00; 5497.00; 6583.00; 6755.00; 1464169722.50
8637.00; 5497.00; 6583.00; 6755.00; 1464169722.52
8631.00; 5494.00; 6598.00; 6758.00; 1464169722.52
8631.00; 5494.00; 6594.00; 6756.00; 1464169722.54
8631.00; 5494.00; 6594.00; 6756.00; 1464169722.54
8633.00; 5497.00; 6581.00; 6753.00; 1464169722.56
8635.00; 5495.00; 6578.00; 6745.00; 1464169722.57
8635.00; 5495.00; 6578.00; 6745.00; 1464169722.57
8635.00; 5498.00; 6576.00; 6752.00; 1464169722.58
8635.00; 5498.00; 6576.00; 6752.00; 1464169722.60
8634.00; 5489.00; 6581.00; 6752.00; 1464169722.60
8626.00; 5493.00; 6569.00; 6756.00; 1464169722.62
8626.00; 5493.00; 6569.00; 6756.00; 1464169722.62
8631.00; 5497.00; 6570.00; 6747.00; 1464169722.64
8628.00; 5495.00; 6573.00; 6749.00; 1464169722.64
8628.00; 5495.00; 6573.00; 6749.00; 1464169722.66
8626.00; 5495.00; 6570.00; 6757.00; 1464169722.66
8626.00; 5495.00; 6570.00; 6757.00; 1464169722.68
8630.00; 5493.00; 6565.00; 6752.00; 1464169722.68
8625.00; 5488.00; 6561.00; 6751.00; 1464169722.70
8625.00; 5488.00; 6561.00; 6751.00; 1464169722.70
8636.00; 5488.00; 6559.00; 6753.00; 1464169722.72
8631.00; 5488.00; 6555.00; 6753.00; 1464169722.72
8631.00; 5491.00; 6555.00; 6747.00; 1464169722.74
8629.00; 5495.00; 6543.00; 6749.00; 1464169722.74
8629.00; 5495.00; 6543.00; 6749.00; 1464169722.76
8631.00; 5493.00; 6545.00; 6750.00; 1464169722.76
8625.00; 5494.00; 6537.00; 6759.00; 1464169722.78
8625.00; 5494.00; 6537.00; 6759.00; 1464169722.78
8629.00; 5499.00; 6543.00; 6749.00; 1464169722.80
8629.00; 5499.00; 6543.00; 6749.00; 1464169722.80
8622.00; 5491.00; 6537.00; 6746.00; 1464169722.82
8631.00; 5495.00; 6538.00; 6750.00; 1464169722.82
8631.00; 5495.00; 6538.00; 6750.00; 1464169722.84
8631.00; 5496.00; 6536.00; 6742.00; 1464169722.84
8627.00; 5489.00; 6547.00; 6751.00; 1464169722.86
8627.00; 5489.00; 6547.00; 6751.00; 1464169722.86
8630.00; 5495.00; 6549.00; 6748.00; 1464169722.88
8630.00; 5495.00; 6549.00; 6748.00; 1464169722.88
8629.00; 5498.00; 6546.00; 6749.00; 1464169722.90
8629.00; 5496.00; 6541.00; 6746.00; 1464169722.90
8629.00; 5496.00; 6541.00; 6746.00; 1464169722.92
8635.00; 5492.00; 6539.00; 6747.00; 1464169722.92
8637.00; 5494.00; 6528.00; 6746.00; 1464169722.94
8637.00; 5494.00; 6528.00; 6746.00; 1464169722.94
8630.00; 5494.00; 6524.00; 6745.00; 1464169722.96
8630.00; 5494.00; 6524.00; 6745.00; 1464169722.96
8635.00; 5492.00; 6517.00; 6743.00; 1464169722.98
8634.00; 5494.00; 6513.00; 6738.00; 1464169722.98
8634.00; 5494.00; 6513.00; 6738.00; 1464169723.00
8631.00; 5501.00; 6499.00; 6748.00; 1464169723.00
8631.00; 5501.00; 6487.00; 6748.00; 1464169723.02
8633.00; 5500.00; 6487.00; 6743.00; 1464169723.02
8626.00; 5500.00; 6477.00; 6746.00; 1464169723.04
8626.00; 5500.00; 6477.00; 6746.00; 1464169723.04
8626.00; 5495.00; 6467.00; 6741.00; 1464169723.06
8626.00; 5500.00; 6440.00; 6738.00; 1464169723.06
8626.00; 5500.00; 6440.00; 6738.00; 1464169723.08
8625.00; 5496.00; 6412.00; 6734.00; 1464169723.09
8625.00; 5496.00; 6412.00; 6734.00; 1464169723.10
8617.00; 5499.00; 6397.00; 6735.00; 1464169723.10
8614.00; 5495.00; 6374.00; 6738.00; 1464169723.11
8614.00; 5495.00; 6374.00; 6738.00; 1464169723.13
8620.00; 5498.00; 6341.00; 6730.00; 1464169723.13
8617.00; 5501.00; 6318.00; 6729.00; 1464169723.15
8617.00; 5501.00; 6318.00; 6729.00; 1464169723.15
8615.00; 5508.00; 6302.00; 6729.00; 1464169723.17
8615.00; 5508.00; 6302.00; 6729.00; 1464169723.17
8609.00; 5501.00; 6282.00; 6726.00; 1464169723.19
8605.00; 5501.00; 6252.00; 6725.00; 1464169723.19
8605.00; 5501.00; 6252.00; 6725.00; 1464169723.21
8605.00; 5502.00; 6225.00; 6721.00; 1464169723.21
8595.00; 5497.00; 6197.00; 6720.00; 1464169723.23
8595.00; 5497.00; 6197.00; 6720.00; 1464169723.23
8598.00; 5506.00; 6164.00; 6718.00; 1464169723.25
8598.00; 5506.00; 6164.00; 6718.00; 1464169723.25
8589.00; 5500.00; 6112.00; 6708.00; 1464169723.27
8585.00; 5500.00; 6065.00; 6703.00; 1464169723.27
8585.00; 5500.00; 6065.00; 6703.00; 1464169723.29
8576.00; 5507.00; 6005.00; 6711.00; 1464169723.29
8576.00; 5507.00; 6005.00; 6711.00; 1464169723.31
8565.00; 5504.00; 5950.00; 6698.00; 1464169723.31
8564.00; 5508.00; 5885.00; 6695.00; 1464169723.33
8564.00; 5508.00; 5885.00; 6695.00; 1464169723.33
8559.00; 5516.00; 5812.00; 6691.00; 1464169723.35
8561.00; 5508.00; 5738.00; 6679.00; 1464169723.35
8561.00; 5508.00; 5738.00; 6679.00; 1464169723.37
8548.00; 5516.00; 5673.00; 6678.00; 1464169723.37
8548.00; 5516.00; 5673.00; 6678.00; 1464169723.39
8537.00; 5522.00; 5594.00; 6678.00; 1464169723.39
8534.00; 5515.00; 5536.00; 6670.00; 1464169723.41
8534.00; 5515.00; 5536.00; 6670.00; 1464169723.41
8527.00; 5521.00; 5478.00; 6667.00; 1464169723.43
8523.00; 5521.00; 5422.00; 6667.00; 1464169723.43
8523.00; 5526.00; 5422.00; 6658.00; 1464169723.45
8515.00; 5525.00; 5389.00; 6658.00; 1464169723.45
8515.00; 5525.00; 5389.00; 6658.00; 1464169723.47
8507.00; 5526.00; 5353.00; 6651.00; 1464169723.47
8508.00; 5533.00; 5306.00; 6653.00; 1464169723.49
8508.00; 5533.00; 5306.00; 6653.00; 1464169723.49
8509.00; 5535.00; 5247.00; 6641.00; 1464169723.51
8509.00; 5535.00; 5247.00; 6641.00; 1464169723.51
8504.00; 5530.00; 5205.00; 6639.00; 1464169723.53
8502.00; 5534.00; 5162.00; 6631.00; 1464169723.53
8502.00; 5534.00; 5162.00; 6631.00; 1464169723.55
8502.00; 5529.00; 5106.00; 6626.00; 1464169723.55
8493.00; 5534.00; 5075.00; 6626.00; 1464169723.57
8493.00; 5534.00; 5075.00; 6626.00; 1464169723.57
8492.00; 5538.00; 5051.00; 6629.00; 1464169723.59
8492.00; 5538.00; 5051.00; 6629.00; 1464169723.59
8496.00; 5541.00; 5035.00; 6627.00; 1464169723.61
8492.00; 5540.00; 5032.00; 6630.00; 1464169723.61
8492.00; 5540.00; 5032.00; 6630.00; 1464169723.63
8497.00; 5534.00; 5035.00; 6623.00; 1464169723.63
8497.00; 5534.00; 5035.00; 6623.00; 1464169723.65
8489.00; 5536.00; 5038.00; 6626.00; 1464169723.65
8491.00; 5541.00; 5037.00; 6619.00; 1464169723.67
8491.00; 5541.00; 5037.00; 6619.00; 1464169723.67
8494.00; 5534.00; 5036.00; 6628.00; 1464169723.69
8486.00; 5535.00; 5033.00; 6627.00; 1464169723.69
8486.00; 5535.00; 5033.00; 6627.00; 1464169723.71
8494.00; 5538.00; 5035.00; 6629.00; 1464169723.71
8494.00; 5538.00; 5035.00; 6629.00; 1464169723.73
8499.00; 5538.00; 5036.00; 6628.00; 1464169723.73
8491.00; 5537.00; 5032.00; 6626.00; 1464169723.75
8491.00; 5537.00; 5032.00; 6626.00; 1464169723.75
8492.00; 5535.00; 5037.00; 6623.00; 1464169723.77
8492.00; 5535.00; 5039.00; 6623.00; 1464169723.77
8494.00; 5543.00; 5039.00; 6631.00; 1464169723.79
8493.00; 5533.00; 5036.00; 6628.00; 1464169723.79
8493.00; 5533.00; 5036.00; 6628.00; 1464169723.81
8501.00; 5531.00; 5038.00; 6625.00; 1464169723.81
8496.00; 5542.00; 5033.00; 6624.00; 1464169723.83
8496.00; 5542.00; 5033.00; 6624.00; 1464169723.83
8493.00; 5536.00; 5027.00; 6625.00; 1464169723.85
8493.00; 5539.00; 5028.00; 6624.00; 1464169723.85
8493.00; 5539.00; 5028.00; 6624.00; 1464169723.87
8492.00; 5529.00; 5028.00; 6623.00; 1464169723.87
8492.00; 5529.00; 5028.00; 6623.00; 1464169723.89
8490.00; 5534.00; 5034.00; 6618.00; 1464169723.89
8496.00; 5534.00; 5034.00; 6623.00; 1464169723.91
8496.00; 5534.00; 5034.00; 6623.00; 1464169723.91
8493.00; 5540.00; 5037.00; 6623.00; 1464169723.93
8489.00; 5536.00; 5032.00; 6624.00; 1464169723.93
8489.00; 5536.00; 5032.00; 6624.00; 1464169723.95
8496.00; 5533.00; 5037.00; 6630.00; 1464169723.95
8496.00; 5533.00; 5037.00; 6630.00; 1464169723.97
8493.00; 5534.00; 5040.00; 6628.00; 1464169723.97
8494.00; 5531.00; 5033.00; 6626.00; 1464169723.99
8494.00; 5531.00; 5033.00; 6626.00; 1464169723.99
8497.00; 5537.00; 5026.00; 6624.00; 1464169724.01
8497.00; 5537.00; 5026.00; 6624.00; 1464169724.01
8493.00; 5540.00; 5032.00; 6629.00; 1464169724.03
8488.00; 5534.00; 5043.00; 6618.00; 1464169724.03
8488.00; 5534.00; 5043.00; 6618.00; 1464169724.05
8492.00; 5541.00; 5031.00; 6625.00; 1464169724.05
8494.00; 5538.00; 5033.00; 6619.00; 1464169724.07
8494.00; 5538.00; 5033.00; 6619.00; 1464169724.07
8492.00; 5539.00; 5041.00; 6629.00; 1464169724.09
8492.00; 5539.00; 5041.00; 6629.00; 1464169724.09
8498.00; 5537.00; 5034.00; 6618.00; 1464169724.11
8490.00; 5539.00; 5034.00; 6627.00; 1464169724.11
8490.00; 5539.00; 5034.00; 6627.00; 1464169724.13
8494.00; 5538.00; 5032.00; 6619.00; 1464169724.13
8484.00; 5534.00; 5038.00; 6622.00; 1464169724.15
8484.00; 5534.00; 5038.00; 6622.00; 1464169724.15
8490.00; 5539.00; 5032.00; 6622.00; 1464169724.17
8490.00; 5539.00; 5032.00; 6622.00; 1464169724.17
8496.00; 5544.00; 5033.00; 6625.00; 1464169724.19
8491.00; 5541.00; 5030.00; 6626.00; 1464169724.19
8491.00; 5541.00; 5030.00; 6626.00; 1464169724.21
8489.00; 5533.00; 5036.00; 6623.00; 1464169724.21
8489.00; 5533.00; 5036.00; 6623.00; 1464169724.23
8494.00; 5533.00; 5038.00; 6628.00; 1464169724.23
8494.00; 5535.00; 5032.00; 6627.00; 1464169724.25
8494.00; 5535.00; 5032.00; 6627.00; 1464169724.25
8490.00; 5537.00; 5038.00; 6622.00; 1464169724.27
8492.00; 5539.00; 5039.00; 6623.00; 1464169724.27
8492.00; 5539.00; 5039.00; 6623.00; 1464169724.29
8491.00; 5538.00; 5036.00; 6624.00; 1464169724.29
8491.00; 5538.00; 5036.00; 6624.00; 1464169724.31
8493.00; 5532.00; 5034.00; 6620.00; 1464169724.31
8488.00; 5534.00; 5034.00; 6628.00; 1464169724.33
8488.00; 5534.00; 5034.00; 6628.00; 1464169724.33
8493.00; 5545.00; 5038.00; 6629.00; 1464169724.35
8493.00; 5545.00; 5038.00; 6629.00; 1464169724.35
8491.00; 5540.00; 5032.00; 6631.00; 1464169724.37
8491.00; 5539.00; 5035.00; 6627.00; 1464169724.37
8491.00; 5539.00; 5035.00; 6627.00; 1464169724.39
8493.00; 5542.00; 5033.00; 6628.00; 1464169724.39
8498.00; 5534.00; 5037.00; 6617.00; 1464169724.41
8498.00; 5534.00; 5037.00; 6617.00; 1464169724.41
8489.00; 5538.00; 5034.00; 6624.00; 1464169724.43
8489.00; 5538.00; 5034.00; 6624.00; 1464169724.43
8495.00; 5536.00; 5032.00; 6620.00; 1464169724.45
8495.00; 5537.00; 5031.00; 6624.00; 1464169724.45
8495.00; 5537.00; 5031.00; 6624.00; 1464169724.47
8491.00; 5532.00; 5035.00; 6626.00; 1464169724.47
8487.00; 5532.00; 5041.00; 6625.00; 1464169724.49
8487.00; 5526.00; 5041.00; 6625.00; 1464169724.49
8486.00; 5531.00; 5036.00; 6626.00; 1464169724.51
8486.00; 5531.00; 5036.00; 6626.00; 1464169724.51
8494.00; 5536.00; 5034.00; 6630.00; 1464169724.53
8493.00; 5537.00; 5036.00; 6633.00; 1464169724.53
8493.00; 5537.00; 5036.00; 6633.00; 1464169724.55
8492.00; 5539.00; 5035.00; 6622.00; 1464169724.55
8492.00; 5539.00; 5035.00; 6622.00; 1464169724.57
8491.00; 5533.00; 5035.00; 6627.00; 1464169724.57
8495.00; 5540.00; 5037.00; 6628.00; 1464169724.59
8495.00; 5540.00; 5037.00; 6628.00; 1464169724.59
8488.00; 5536.00; 5035.00; 6620.00; 1464169724.61
8497.00; 5543.00; 5039.00; 6624.00; 1464169724.61
8497.00; 5543.00; 5039.00; 6624.00; 1464169724.63
8491.00; 5538.00; 5028.00; 6625.00; 1464169724.63
8491.00; 5538.00; 5028.00; 6625.00; 1464169724.65
8490.00; 5536.00; 5037.00; 6624.00; 1464169724.65
8489.00; 5537.00; 5038.00; 6623.00; 1464169724.67
8489.00; 5537.00; 5038.00; 6623.00; 1464169724.67
8497.00; 5540.00; 5034.00; 6621.00; 1464169724.69
8497.00; 5540.00; 5034.00; 6621.00; 1464169724.69
8490.00; 5537.00; 5033.00; 6631.00; 1464169724.71
8487.00; 5541.00; 5034.00; 6623.00; 1464169724.71
8487.00; 5541.00; 5034.00; 6623.00; 1464169724.73
8488.00; 5536.00; 5038.00; 6628.00; 1464169724.73
8491.00; 5533.00; 5033.00; 6625.00; 1464169724.75
8491.00; 5533.00; 5033.00; 6625.00; 1464169724.75
8493.00; 5540.00; 5037.00; 6629.00; 1464169724.77
8493.00; 5540.00; 5037.00; 6629.00; 1464169724.77
8497.00; 5539.00; 5030.00; 6626.00; 1464169724.79
8496.00; 5541.00; 5037.00; 6625.00; 1464169724.79
8496.00; 5541.00; 5037.00; 6625.00; 1464169724.81
8496.00; 5540.00; 5032.00; 6623.00; 1464169724.81
8489.00; 5540.00; 5035.00; 6623.00; 1464169724.83
8489.00; 5535.00; 5035.00; 6626.00; 1464169724.83
8493.00; 5537.00; 5040.00; 6628.00; 1464169724.85
8493.00; 5537.00; 5040.00; 6628.00; 1464169724.85
8498.00; 5539.00; 5031.00; 6617.00; 1464169724.87
8495.00; 5546.00; 5038.00; 6627.00; 1464169724.88
8495.00; 5546.00; 5038.00; 6627.00; 1464169724.89
8492.00; 5542.00; 5040.00; 6625.00; 1464169724.90
8495.00; 5536.00; 5035.00; 6621.00; 1464169724.91
8495.00; 5536.00; 5035.00; 6621.00; 1464169724.92
8486.00; 5536.00; 5038.00; 6626.00; 1464169724.93
8486.00; 5536.00; 5038.00; 6626.00; 1464169724.94
8492.00; 5539.00; 5041.00; 6623.00; 1464169724.95
8491.00; 5535.00; 5038.00; 6627.00; 1464169724.96
8491.00; 5535.00; 5038.00; 6627.00; 1464169724.97
8491.00; 5541.00; 5038.00; 6623.00; 1464169724.98
8491.00; 5541.00; 5038.00; 6623.00; 1464169724.99
8489.00; 5539.00; 5038.00; 6621.00; 1464169725.00
8489.00; 5538.00; 5039.00; 6625.00; 1464169725.01
8489.00; 5538.00; 5039.00; 6625.00; 1464169725.02
8493.00; 5537.00; 5040.00; 6619.00; 1464169725.03
8490.00; 5545.00; 5038.00; 6620.00; 1464169725.04
8490.00; 5545.00; 5038.00; 6620.00; 1464169725.05
8491.00; 5541.00; 5040.00; 6623.00; 1464169725.06
8491.00; 5541.00; 5040.00; 6623.00; 1464169725.07
8494.00; 5533.00; 5037.00; 6621.00; 1464169725.08
8488.00; 5536.00; 5041.00; 6621.00; 1464169725.09
8488.00; 5536.00; 5041.00; 6621.00; 1464169725.10
8487.00; 5539.00; 5034.00; 6625.00; 1464169725.11
8487.00; 5539.00; 5034.00; 6625.00; 1464169725.12
8480.00; 5533.00; 5037.00; 6626.00; 1464169725.13
8490.00; 5540.00; 5031.00; 6620.00; 1464169725.14
8490.00; 5540.00; 5031.00; 6620.00; 1464169725.15
8488.00; 5542.00; 5036.00; 6621.00; 1464169725.16
8491.00; 5538.00; 5038.00; 6622.00; 1464169725.17
8491.00; 5538.00; 5038.00; 6622.00; 1464169725.18
8492.00; 5542.00; 5038.00; 6623.00; 1464169725.19
8492.00; 5542.00; 5038.00; 6623.00; 1464169725.20
8491.00; 5541.00; 5035.00; 6614.00; 1464169725.21
8490.00; 5547.00; 5039.00; 6623.00; 1464169725.22
8490.00; 5547.00; 5039.00; 6623.00; 1464169725.23
8493.00; 5545.00; 5037.00; 6629.00; 1464169725.24
8489.00; 5535.00; 5036.00; 6623.00; 1464169725.25
8489.00; 5535.00; 5036.00; 6623.00; 1464169725.26
8493.00; 5542.00; 5034.00; 6626.00; 1464169725.27
8493.00; 5542.00; 5034.00; 6626.00; 1464169725.28
8487.00; 5536.00; 5033.00; 6616.00; 1464169725.29
8489.00; 5539.00; 5036.00; 6622.00; 1464169725.30
8489.00; 5539.00; 5036.00; 6622.00; 1464169725.31
8485.00; 5539.00; 5039.00; 6617.00; 1464169725.32
8485.00; 5539.00; 5039.00; 6617.00; 1464169725.33
8480.00; 5532.00; 5034.00; 6622.00; 1464169725.34
8488.00; 5536.00; 5040.00; 6623.00; 1464169725.35
8488.00; 5536.00; 5040.00; 6623.00; 1464169725.36
8485.00; 5543.00; 5032.00; 6622.00; 1464169725.37
8494.00; 5543.00; 5038.00; 6625.00; 1464169725.38
8494.00; 5543.00; 5038.00; 6625.00; 1464169725.39
8493.00; 5540.00; 5029.00; 6621.00; 1464169725.40
8493.00; 5540.00; 5029.00; 6621.00; 1464169725.41
8485.00; 5530.00; 5035.00; 6623.00; 1464169725.42
8493.00; 5537.00; 5042.00; 6625.00; 1464169725.43
8493.00; 5537.00; 5042.00; 6625.00; 1464169725.44
8492.00; 5539.00; 5031.00; 6620.00; 1464169725.45
8492.00; 5539.00; 5031.00; 6620.00; 1464169725.46
8491.00; 5538.00; 5036.00; 6619.00; 1464169725.47
8490.00; 5539.00; 5034.00; 6623.00; 1464169725.48
8490.00; 5539.00; 5034.00; 6623.00; 1464169725.49
8492.00; 5533.00; 5041.00; 6619.00; 1464169725.50
8489.00; 5539.00; 5036.00; 6624.00; 1464169725.51
8489.00; 5539.00; 5036.00; 6624.00; 1464169725.52
8496.00; 5543.00; 5033.00; 6622.00; 1464169725.53
8496.00; 5543.00; 5033.00; 6622.00; 1464169725.54
8491.00; 5536.00; 5033.00; 6618.00; 1464169725.55
8488.00; 5542.00; 5037.00; 6623.00; 1464169725.56
8488.00; 5542.00; 5037.00; 6623.00; 1464169725.57
8487.00; 5537.00; 5034.00; 6625.00; 1464169725.58
8487.00; 5537.00; 5036.00; 6623.00; 1464169725.59
8487.00; 5537.00; 5036.00; 6623.00; 1464169725.60
8489.00; 5532.00; 5035.00; 6626.00; 1464169725.61
8489.00; 5532.00; 5035.00; 6626.00; 1464169725.62
8490.00; 5538.00; 5034.00; 6620.00; 1464169725.63
8494.00; 5542.00; 5042.00; 6625.00; 1464169725.64
8494.00; 5542.00; 5042.00; 6625.00; 1464169725.65
8488.00; 5540.00; 5033.00; 6620.00; 1464169725.66
8488.00; 5540.00; 5033.00; 6620.00; 1464169725.67
8490.00; 5544.00; 5033.00; 6627.00; 1464169725.68
8489.00; 5538.00; 5036.00; 6624.00; 1464169725.69
8489.00; 5538.00; 5036.00; 6624.00; 1464169725.70
8494.00; 5536.00; 5033.00; 6622.00; 1464169725.71
8492.00; 5536.00; 5035.00; 6621.00; 1464169725.72
8492.00; 5536.00; 5035.00; 6621.00; 1464169725.73
8490.00; 5538.00; 5033.00; 6623.00; 1464169725.74
8490.00; 5538.00; 5033.00; 6623.00; 1464169725.75
8492.00; 5538.00; 5034.00; 6623.00; 1464169725.76
8488.00; 5538.00; 5035.00; 6627.00; 1464169725.77
8488.00; 5538.00; 5035.00; 6627.00; 1464169725.78
8491.00; 5537.00; 5035.00; 6625.00; 1464169725.79
8491.00; 5537.00; 5035.00; 6625.00; 1464169725.80
8485.00; 5542.00; 5043.00; 6622.00; 1464169725.81
8491.00; 5544.00; 5041.00; 6626.00; 1464169725.82
8491.00; 5544.00; 5041.00; 6626.00; 1464169725.83
8493.00; 5537.00; 5036.00; 6624.00; 1464169725.84
8485.00; 5536.00; 5033.00; 6627.00; 1464169725.85
8485.00; 5536.00; 5033.00; 6627.00; 1464169725.86
8489.00; 5541.00; 5036.00; 6626.00; 1464169725.87
8489.00; 5541.00; 5036.00; 6626.00; 1464169725.88
8489.00; 5540.00; 5037.00; 6619.00; 1464169725.89
8491.00; 5543.00; 5037.00; 6625.00; 1464169725.90
8491.00; 5543.00; 5037.00; 6625.00; 1464169725.91
8489.00; 5540.00; 5035.00; 6625.00; 1464169725.92
8489.00; 5539.00; 5039.00; 6619.00; 1464169725.93
8489.00; 5539.00; 5039.00; 6619.00; 1464169725.94
8494.00; 5534.00; 5036.00; 6623.00; 1464169725.95
8494.00; 5534.00; 5036.00; 6623.00; 1464169725.96
8494.00; 5541.00; 5033.00; 6623.00; 1464169725.97
8492.00; 5536.00; 5033.00; 6620.00; 1464169725.98
8492.00; 5536.00; 5033.00; 6620.00; 1464169726.00
8498.00; 5539.00; 5039.00; 6624.00; 1464169726.00
8489.00; 5528.00; 5033.00; 6621.00; 1464169726.01
8489.00; 5528.00; 5033.00; 6621.00; 1464169726.02
8493.00; 5533.00; 5038.00; 6623.00; 1464169726.03
8493.00; 5533.00; 5038.00; 6623.00; 1464169726.04
8488.00; 5543.00; 5041.00; 6622.00; 1464169726.05
8491.00; 5541.00; 5033.00; 6620.00; 1464169726.06
8491.00; 5541.00; 5033.00; 6620.00; 1464169726.07
8490.00; 5535.00; 5036.00; 6625.00; 1464169726.08
8490.00; 5535.00; 5036.00; 6625.00; 1464169726.09
8488.00; 5535.00; 5031.00; 6626.00; 1464169726.10
8483.00; 5540.00; 5041.00; 6619.00; 1464169726.11
8483.00; 5540.00; 5041.00; 6619.00; 1464169726.12
8490.00; 5541.00; 5042.00; 6623.00; 1464169726.13
8485.00; 5535.00; 5034.00; 6620.00; 1464169726.14
8485.00; 5535.00; 5034.00; 6620.00; 1464169726.15
8490.00; 5544.00; 5033.00; 6626.00; 1464169726.16
8490.00; 5544.00; 5033.00; 6626.00; 1464169726.17
8487.00; 5542.00; 5032.00; 6618.00; 1464169726.18
8494.00; 5537.00; 5040.00; 6625.00; 1464169726.19
8494.00; 5537.00; 5040.00; 6625.00; 1464169726.20
8490.00; 5538.00; 5040.00; 6623.00; 1464169726.21
8490.00; 5538.00; 5040.00; 6623.00; 1464169726.22
8484.00; 5545.00; 5041.00; 6625.00; 1464169726.23
8494.00; 5543.00; 5037.00; 6624.00; 1464169726.24
8494.00; 5543.00; 5037.00; 6624.00; 1464169726.25
8491.00; 5531.00; 5044.00; 6621.00; 1464169726.26
8484.00; 5537.00; 5039.00; 6616.00; 1464169726.27
8484.00; 5537.00; 5039.00; 6616.00; 1464169726.28
8484.00; 5538.00; 5039.00; 6621.00; 1464169726.29
8484.00; 5538.00; 5039.00; 6621.00; 1464169726.30
8486.00; 5541.00; 5037.00; 6622.00; 1464169726.31
8490.00; 5547.00; 5034.00; 6621.00; 1464169726.32
8490.00; 5547.00; 5034.00; 6621.00; 1464169726.33
8487.00; 5543.00; 5034.00; 6619.00; 1464169726.34
8485.00; 5538.00; 5038.00; 6622.00; 1464169726.36
8485.00; 5538.00; 5038.00; 6622.00; 1464169726.36
8491.00; 5539.00; 5040.00; 6624.00; 1464169726.37
8491.00; 5539.00; 5040.00; 6624.00; 1464169726.38
8487.00; 5536.00; 5036.00; 6624.00; 1464169726.40
8491.00; 5542.00; 5037.00; 6616.00; 1464169726.41
8489.00; 5536.00; 5040.00; 6622.00; 1464169726.42
8489.00; 5536.00; 5040.00; 6622.00; 1464169726.43
8487.00; 5540.00; 5036.00; 6620.00; 1464169726.44
8496.00; 5539.00; 5037.00; 6618.00; 1464169726.45
8496.00; 5539.00; 5037.00; 6618.00; 1464169726.46
8492.00; 5539.00; 5033.00; 6623.00; 1464169726.48
8491.00; 5547.00; 5034.00; 6617.00; 1464169726.48
8491.00; 5547.00; 5034.00; 6617.00; 1464169726.50
8492.00; 5542.00; 5040.00; 6626.00; 1464169726.50
8492.00; 5542.00; 5040.00; 6626.00; 1464169726.52
8487.00; 5536.00; 5037.00; 6627.00; 1464169726.52
8493.00; 5539.00; 5038.00; 6621.00; 1464169726.54
8493.00; 5539.00; 5038.00; 6621.00; 1464169726.54
8496.00; 5534.00; 5037.00; 6620.00; 1464169726.56
8492.00; 5540.00; 5040.00; 6622.00; 1464169726.56
8492.00; 5540.00; 5040.00; 6622.00; 1464169726.58
8489.00; 5539.00; 5036.00; 6615.00; 1464169726.58
8489.00; 5539.00; 5036.00; 6615.00; 1464169726.60
8489.00; 5540.00; 5042.00; 6627.00; 1464169726.60
8490.00; 5537.00; 5038.00; 6620.00; 1464169726.62
8490.00; 5537.00; 5038.00; 6620.00; 1464169726.62
8487.00; 5536.00; 5038.00; 6621.00; 1464169726.64
8485.00; 5534.00; 5032.00; 6627.00; 1464169726.64
8485.00; 5534.00; 5032.00; 6627.00; 1464169726.66
8494.00; 5543.00; 5034.00; 6624.00; 1464169726.66
8494.00; 5543.00; 5034.00; 6624.00; 1464169726.68
8490.00; 5541.00; 5043.00; 6623.00; 1464169726.68
8487.00; 5536.00; 5037.00; 6626.00; 1464169726.70
8487.00; 5536.00; 5037.00; 6626.00; 1464169726.70
8487.00; 5537.00; 5039.00; 6619.00; 1464169726.72
8491.00; 5534.00; 5029.00; 6619.00; 1464169726.72
8491.00; 5534.00; 5029.00; 6619.00; 1464169726.74
8494.00; 5541.00; 5033.00; 6619.00; 1464169726.74
8494.00; 5541.00; 5033.00; 6619.00; 1464169726.76
8493.00; 5539.00; 5033.00; 6627.00; 1464169726.76
8489.00; 5538.00; 5034.00; 6625.00; 1464169726.78
8489.00; 5538.00; 5034.00; 6625.00; 1464169726.78
8490.00; 5539.00; 5040.00; 6614.00; 1464169726.80
8490.00; 5539.00; 5040.00; 6614.00; 1464169726.80
8489.00; 5538.00; 5034.00; 6620.00; 1464169726.82
8491.00; 5541.00; 5036.00; 6622.00; 1464169726.82
8491.00; 5541.00; 5036.00; 6622.00; 1464169726.84
8493.00; 5543.00; 5036.00; 6622.00; 1464169726.84
8489.00; 5534.00; 5038.00; 6625.00; 1464169726.86
8489.00; 5534.00; 5038.00; 6625.00; 1464169726.86
8490.00; 5539.00; 5041.00; 6624.00; 1464169726.88
8490.00; 5539.00; 5041.00; 6624.00; 1464169726.88
8491.00; 5535.00; 5034.00; 6624.00; 1464169726.90
8494.00; 5539.00; 5035.00; 6623.00; 1464169726.90
8494.00; 5539.00; 5035.00; 6623.00; 1464169726.92
8489.00; 5538.00; 5039.00; 6623.00; 1464169726.92
8487.00; 5538.00; 5043.00; 6625.00; 1464169726.94
8487.00; 5538.00; 5043.00; 6625.00; 1464169726.94
8491.00; 5530.00; 5040.00; 6624.00; 1464169726.96
8491.00; 5530.00; 5040.00; 6624.00; 1464169726.96
8489.00; 5543.00; 5031.00; 6619.00; 1464169726.98
8490.00; 5541.00; 5030.00; 6624.00; 1464169726.98
8490.00; 5541.00; 5030.00; 6624.00; 1464169727.00
8483.00; 5539.00; 5040.00; 6618.00; 1464169727.00
8495.00; 5539.00; 5040.00; 6624.00; 1464169727.02
8495.00; 5540.00; 5040.00; 6624.00; 1464169727.02
8484.00; 5538.00; 5034.00; 6623.00; 1464169727.04
8484.00; 5538.00; 5034.00; 6623.00; 1464169727.04
8490.00; 5541.00; 5033.00; 6627.00; 1464169727.06
8492.00; 5538.00; 5035.00; 6622.00; 1464169727.06
8492.00; 5538.00; 5035.00; 6622.00; 1464169727.08
8489.00; 5538.00; 5039.00; 6625.00; 1464169727.08
8489.00; 5538.00; 5039.00; 6625.00; 1464169727.10
8490.00; 5542.00; 5041.00; 6628.00; 1464169727.10
8490.00; 5537.00; 5043.00; 6621.00; 1464169727.12
8490.00; 5537.00; 5043.00; 6621.00; 1464169727.13
8491.00; 5529.00; 5037.00; 6626.00; 1464169727.14
8491.00; 5539.00; 5040.00; 6622.00; 1464169727.14
8491.00; 5539.00; 5040.00; 6622.00; 1464169727.15
8493.00; 5541.00; 5035.00; 6628.00; 1464169727.17
8493.00; 5541.00; 5035.00; 6628.00; 1464169727.17
8490.00; 5542.00; 5037.00; 6625.00; 1464169727.19
8491.00; 5541.00; 5036.00; 6621.00; 1464169727.19
8491.00; 5541.00; 5036.00; 6621.00; 1464169727.21
8494.00; 5540.00; 5034.00; 6622.00; 1464169727.21
8486.00; 5542.00; 5035.00; 6622.00; 1464169727.23
8486.00; 5542.00; 5035.00; 6622.00; 1464169727.23
8493.00; 5537.00; 5037.00; 6619.00; 1464169727.25
8493.00; 5537.00; 5037.00; 6619.00; 1464169727.25
8485.00; 5544.00; 5036.00; 6623.00; 1464169727.27
8490.00; 5536.00; 5040.00; 6623.00; 1464169727.27
8490.00; 5536.00; 5040.00; 6623.00; 1464169727.29
8487.00; 5541.00; 5035.00; 6615.00; 1464169727.29
8487.00; 5541.00; 5035.00; 6615.00; 1464169727.31
8492.00; 5536.00; 5040.00; 6623.00; 1464169727.31
8490.00; 5540.00; 5036.00; 6626.00; 1464169727.33
8490.00; 5540.00; 5036.00; 6626.00; 1464169727.33
8494.00; 5534.00; 5046.00; 6614.00; 1464169727.35
8492.00; 5541.00; 5037.00; 6623.00; 1464169727.35
8492.00; 5541.00; 5037.00; 6623.00; 1464169727.37
8489.00; 5542.00; 5033.00; 6621.00; 1464169727.37
8489.00; 5542.00; 5033.00; 6621.00; 1464169727.39
8492.00; 5537.00; 5034.00; 6622.00; 1464169727.39
8491.00; 5540.00; 5037.00; 6622.00; 1464169727.41
8491.00; 5540.00; 5037.00; 6622.00; 1464169727.41
8491.00; 5549.00; 5040.00; 6622.00; 1464169727.43
8490.00; 5542.00; 5042.00; 6618.00; 1464169727.43
8490.00; 5542.00; 5042.00; 6618.00; 1464169727.45
8490.00; 5535.00; 5040.00; 6616.00; 1464169727.45
8490.00; 5535.00; 5040.00; 6616.00; 1464169727.47
8489.00; 5534.00; 5037.00; 6621.00; 1464169727.47
8492.00; 5536.00; 5037.00; 6622.00; 1464169727.49
8492.00; 5536.00; 5037.00; 6622.00; 1464169727.49
8490.00; 5542.00; 5038.00; 6621.00; 1464169727.51
8490.00; 5542.00; 5038.00; 6621.00; 1464169727.51
8492.00; 5533.00; 5034.00; 6621.00; 1464169727.53
8488.00; 5539.00; 5040.00; 6620.00; 1464169727.53
8488.00; 5539.00; 5040.00; 6620.00; 1464169727.55
8488.00; 5542.00; 5039.00; 6620.00; 1464169727.55
8488.00; 5540.00; 5041.00; 6623.00; 1464169727.57
8488.00; 5540.00; 5041.00; 6623.00; 1464169727.57
8495.00; 5536.00; 5033.00; 6622.00; 1464169727.59
8495.00; 5536.00; 5033.00; 6622.00; 1464169727.59
8493.00; 5534.00; 5042.00; 6620.00; 1464169727.61
8492.00; 5544.00; 5028.00; 6625.00; 1464169727.61
8492.00; 5544.00; 5028.00; 6625.00; 1464169727.63
8484.00; 5534.00; 5040.00; 6622.00; 1464169727.63
8484.00; 5534.00; 5040.00; 6622.00; 1464169727.65
8493.00; 5537.00; 5037.00; 6622.00; 1464169727.65
